0 0.337249 -0.00851333 -2.46871 -0.005 -0.01 0.005 -0.232018 0.715457 -0.659006
1 0.338823 -0.00808334 -2.46895 -0.01 -0.02 0.01 -0.165025 0.679962 -0.714436
2 0.344013 -0.00663912 -2.47092 0.015 0.005 0.02 -0.204836 0.689296 -0.69492
3 0.348834 -0.00660002 -2.47139 -0.01 -0.01 0.015 -0.227212 0.579874 -0.782382
4 0.356488 -0.00511909 -2.4745 -0.02 -0.02 1.11759e-10 -0.186639 0.747018 -0.638068
5 0.364422 -0.00371701 -2.47726 0.005 -0.015 -0.015 -0.261778 0.690722 -0.674074
6 0.373907 -0.00201559 -2.48007 -0.02 -0.005 0.015 -0.219984 0.671623 -0.707481
7 0.399129 0.00220597 -2.4926 -0.01 -0.005 0.02 -0.24358 0.667632 -0.703517
8 0.398642 0.00144136 -2.49331 1.11759e-10 0.01 -0.005 -0.239117 0.680629 -0.692508
9 0.396302 0.00030303 -2.49379 -0.02 0.005 -0.01 -0.263797 0.685611 -0.67849
10 0.393091 -0.00104892 -2.49336 -0.005 1.11759e-10 -0.005 -0.341721 0.646194 -0.682393
11 0.389002 -0.00252032 -2.49265 1.11759e-10 -0.02 0.01 -0.295992 0.724032 -0.62303
12 0.384403 -0.00417674 -2.49188 -0.005 -0.02 0.015 -0.196005 0.708238 -0.678219
13 0.379568 -0.00601518 -2.4906 -0.005 -0.015 0.005 -0.174245 0.710108 -0.682192
14 0.374567 -0.00782037 -2.4893 -0.01 -0.015 1.11759e-10 -0.259493 0.713594 -0.650728
15 0.373789 -0.00980496 -2.48576 0.01 -0.02 0.015 -0.232817 0.663881 -0.710675
16 0.355277 -0.0135218 -2.4859 -0.005 -0.02 0.015 -0.175399 0.70041 -0.691854
17 0.350002 -0.0154358 -2.48528 -0.015 -0.02 -0.005 -0.210212 0.670467 -0.711537
18 0.345272 -0.0171884 -2.48494 -0.02 -0.02 0.01 -0.0799191 0.642872 -0.761793
19 0.340958 -0.0185983 -2.4846 -0.005 -0.01 -0.01 -0.118793 0.747983 -0.653
20 0.337585 -0.0194166 -2.48452 -0.015 0.01 0.015 -0.121287 0.680463 -0.722675
21 0.335348 -0.019762 -2.48467 -0.01 0.005 -0.015 -0.220442 0.729468 -0.647519
22 0.334186 -0.0201962 -2.48521 -0.015 -0.005 0.01 -0.172599 0.61142 -0.772253
23 0.333971 -0.0208985 -2.48594 0.02 0.005 -0.015 -0.214683 0.692581 -0.688652
24 0.33422 -0.0217026 -2.48652 -0.015 -0.01 0.015 -0.0974628 0.586966 -0.803724
25 0.336483 -0.0220965 -2.48823 -0.02 1.11759e-10 -0.005 -0.243547 0.657108 -0.713368
26 0.337705 -0.0229371 -2.48904 -0.02 -0.005 -0.005 -0.0962767 0.608077 -0.788019
27 0.339486 -0.0235723 -2.49026 -0.005 -0.005 0.005 -0.153956 0.641549 -0.751474
28 0.341499 -0.0241663 -2.49187 -0.005 0.015 0.005 -0.226196 0.492452 -0.840433
29 0.343665 -0.0245908 -2.49372 0.01 -0.015 0.01 -0.122629 0.713904 -0.689422
30 0.344553 -0.0255591 -2.49509 0.02 0.02 0.02 -0.217851 0.770786 -0.59869
31 0.345573 -0.0263412 -2.4968 0.015 -0.01 0.005 -0.2543 0.678956 -0.688731
32 0.345858 -0.0272092 -2.49797 -0.01 0.005 -0.015 -0.171612 0.656838 -0.734243
33 0.345861 -0.0283285 -2.49923 0.01 0.01 0.02 -0.183244 0.746096 -0.640127
34 0.345324 -0.0299782 -2.50045 -0.02 0.015 0.005 -0.261282 0.76348 -0.590618
35 0.344518 -0.0318716 -2.50187 -0.005 -0.02 1.11759e-10 -0.137414 0.690675 -0.709989
36 0.343169 -0.0340522 -2.50355 -0.02 -0.02 0.015 -0.0890698 0.758605 -0.645434
37 0.34162 -0.0360773 -2.50527 -0.01 0.005 -0.02 -0.173548 0.765807 -0.619209
38 0.339905 -0.0381061 -2.50708 -0.02 -0.005 1.11759e-10 -0.262082 0.682263 -0.682518
39 0.3386 -0.0401113 -2.50919 0.005 1.11759e-10 0.015 -0.189997 0.715464 -0.672319
40 0.3374 -0.0420334 -2.51124 -0.01 -0.005 0.005 -0.187577 0.607891 -0.771546
41 0.336438 -0.0438122 -2.51342 -0.005 -0.02 0.005 -0.0820778 0.651884 -0.753864
42 0.335863 -0.0474534 -2.5184 0.02 0.015 0.02 -0.163934 0.692809 -0.70224
43 0.336347 -0.0488083 -2.52121 0.005 -0.01 1.11759e-10 -0.19325 0.755623 -0.62585
44 0.336802 -0.0501318 -2.52391 -0.005 -0.01 0.015 -0.112597 0.756393 -0.644354
45 0.337455 -0.0512989 -2.52682 0.01 -0.005 1.11759e-10 -0.101161 0.702639 -0.704318
46 0.338497 -0.0523013 -2.52993 -0.015 -0.02 -0.015 -0.133208 0.584188 -0.800612
47 0.339076 -0.0534747 -2.53301 0.005 -0.015 0.02 -0.204896 0.650575 -0.73128
48 0.339971 -0.0545286 -2.53623 0.005 -0.015 0.02 -0.251196 0.54404 -0.800576
49 0.340364 -0.0554909 -2.53935 -0.015 -0.015 0.015 -0.127992 0.629063 -0.766745
50 0.340472 -0.0566492 -2.54258 0.005 -0.02 -0.005 -0.239617 0.641055 -0.729131
51 0.340546 -0.0578544 -2.54593 1.11759e-10 -0.02 1.11759e-10 -0.174689 0.652662 -0.737235
52 0.34027 -0.0590185 -2.5495 -0.015 -0.015 0.01 -0.140675 0.712717 -0.6872
53 0.339802 -0.06024 -2.55332 -0.01 -0.02 0.015 -0.209911 0.632824 -0.7453
54 0.339066 -0.0616041 -2.55736 0.015 -0.015 -0.02 -0.181287 0.715457 -0.674727
55 0.338036 -0.0630324 -2.56169 -0.02 -0.01 0.005 -0.163722 0.743135 -0.648803
56 0.337017 -0.0647871 -2.56618 -0.015 -0.02 0.02 -0.204859 0.628887 -0.750022
57 0.335508 -0.0667776 -2.57085 -0.005 -0.005 -0.01 -0.203041 0.637942 -0.742835
58 0.333865 -0.0691829 -2.57519 -0.02 -0.01 0.015 -0.178742 0.716294 -0.674518
59 0.332397 -0.0716347 -2.58026 -0.02 0.02 -0.015 -0.134664 0.648248 -0.749427
60 0.328582 -0.0728706 -2.58483 -0.02 1.11759e-10 1.11759e-10 -0.153695 0.715029 -0.681991
61 0.328866 -0.0767323 -2.59041 -0.015 -0.02 0.015 -0.239724 0.654208 -0.717317
62 0.327679 -0.0795564 -2.59552 -0.015 -0.02 0.015 -0.183779 0.634725 -0.750566
63 0.326131 -0.0818337 -2.60029 -0.015 -0.02 -0.02 -0.226818 0.662272 -0.714107
64 0.325042 -0.0841981 -2.60458 -0.02 1.11759e-10 0.015 -0.175008 0.67294 -0.718696
65 0.324202 -0.0860142 -2.60834 -0.01 -0.02 -0.01 -0.362122 0.703342 -0.611701
66 0.323746 -0.0873336 -2.6112 -0.02 -0.005 0.015 -0.223119 0.680412 -0.698038
67 0.323698 -0.0881624 -2.61337 -0.02 -0.02 -0.015 -0.166811 0.710135 -0.684019
68 0.324023 -0.0885564 -2.61432 -0.02 0.01 0.015 -0.146181 0.770289 -0.620714
69 0.325114 -0.0882225 -2.61401 0.01 -0.01 -0.01 -0.193407 0.739481 -0.644796
70 0.326079 -0.0870171 -2.61203 -0.02 1.11759e-10 0.005 -0.155095 0.724732 -0.671349
71 0.327566 -0.0851992 -2.60865 -0.005 0.005 0.01 -0.180443 0.715455 -0.674955
72 0.329155 -0.0823876 -2.60358 0.015 0.015 0.005 -0.19386 0.794368 -0.575671
73 0.331209 -0.0788978 -2.59705 -0.01 -0.015 0.015 -0.185891 0.746228 -0.639209
74 0.333162 -0.074562 -2.58925 -0.02 -0.01 0.02 -0.17101 0.76517 -0.620701
75 0.334797 -0.0693738 -2.58011 -0.02 -0.015 0.015 -0.171418 0.676328 -0.716377
76 0.336085 -0.0633848 -2.57015 -0.02 -0.015 0.01 -0.205911 0.745869 -0.633467
77 0.337064 -0.0569388 -2.5592 -0.02 -0.02 1.11759e-10 -0.174434 0.647468 -0.741861
78 0.33742 -0.0500494 -2.54777 -0.01 -0.015 1.11759e-10 -0.173326 0.637463 -0.750733
79 0.337476 -0.043025 -2.53634 1.11759e-10 -0.005 0.01 -0.132078 0.639315 -0.757517
80 0.336544 -0.0360129 -2.5249 -0.015 -0.02 0.02 -0.127056 0.730122 -0.6714
81 0.3354 -0.0293238 -2.51403 -0.015 -0.015 1.11759e-10 -0.101848 0.691232 -0.71542
82 0.33408 -0.0235453 -2.50287 0.01 -0.015 -0.005 -0.2159 0.601808 -0.768905
83 0.33075 -0.0167667 -2.49392 -0.02 -0.02 -0.01 -0.274074 0.583253 -0.764656
84 0.325229 -0.0121874 -2.48375 -0.02 -0.015 0.02 -0.172531 0.750452 -0.638009
85 0.320981 -0.00758767 -2.4755 -0.005 -0.02 -0.02 -0.117198 0.682966 -0.720987
86 0.297399 0.0107027 -2.45111 -0.005 0.005 0.01 0.175296 0.712589 -0.679329
87 0.294391 0.014267 -2.44911 -0.02 1.11759e-10 0.015 0.233238 0.559916 -0.795044
98 0.309055 0.631221 -2.4213 0.005 -0.01 -0.005 -0.0862177 -0.533704 -0.841265
99 0.350324 0.628664 -2.43907 -0.015 0.02 0.015 -0.194219 -0.216465 -0.956777
100 0.38323 0.621607 -2.45976 1.11759e-10 0.005 0.005 -0.338063 -0.38886 -0.85703
101 0.407321 0.613046 -2.47875 0.02 0.015 0.01 -0.210764 -0.605142 -0.767712
102 0.421697 0.606104 -2.49353 -0.015 -0.01 -0.01 -0.314205 -0.299148 -0.900992
103 0.433705 0.595112 -2.51333 -0.02 0.015 -0.01 -0.429714 -0.401848 -0.808619
104 0.439775 0.592653 -2.51908 0.005 0.02 -0.005 -0.30816 -0.543378 -0.780882
105 0.446295 0.589805 -2.52256 -0.015 0.01 0.015 -0.410162 -0.452844 -0.791644
106 0.447962 0.587203 -2.52814 -0.015 0.02 0.005 -0.365725 -0.495471 -0.787879
107 0.446779 0.586372 -2.53076 -0.015 0.015 -0.015 -0.325589 -0.488854 -0.809329
108 0.442283 0.587135 -2.53105 -0.01 -0.005 -0.005 -0.337187 -0.492364 -0.802423
109 0.433018 0.590114 -2.52834 -0.01 0.01 0.005 -0.235079 -0.56405 -0.791571
110 0.354318 0.604721 -2.50779 -0.01 -0.005 -0.005 -0.0468045 -0.685903 -0.726186
111 0.328383 0.612755 -2.49941 0.015 0.015 -0.01 0.0937092 -0.631707 -0.769522
116 0.315704 0.6678 -2.49518 -0.015 1.11759e-10 -0.02 0.0897937 -0.587876 -0.803952
117 0.333548 0.676388 -2.50011 0.02 0.005 0.005 0.182215 -0.708232 -0.68206
118 0.355875 0.684909 -2.50441 -0.015 -0.005 -0.015 0.0885525 -0.743265 -0.663111
119 0.37949 0.690374 -2.50794 -0.005 0.015 -0.01 -0.271221 -0.511793 -0.815173
120 0.403193 0.692445 -2.50985 0.01 1.11759e-10 0.005 -0.320554 -0.515862 -0.794438
121 0.422907 0.690808 -2.51139 -0.02 -0.015 0.005 -0.216657 -0.730916 -0.647164
122 0.433386 0.688155 -2.50855 0.005 0.015 1.11759e-10 -0.314431 -0.49355 -0.810889
123 0.434501 0.68943 -2.49898 0.01 0.02 0.015 -0.394606 -0.614635 -0.683015
124 0.42755 0.691531 -2.48648 1.11759e-10 0.02 1.11759e-10 -0.39288 -0.751198 -0.530421
125 0.415184 0.69536 -2.47304 -0.005 0.015 0.01 -0.275443 -0.597371 -0.753179
126 0.39819 0.699933 -2.4588 -0.01 0.02 0.005 -0.250903 -0.649962 -0.717354
127 0.381165 0.704506 -2.44645 1.11759e-10 0.005 0.02 -0.494509 -0.663355 -0.561624
128 0.320836 0.712902 -2.41143 0.015 0.005 -0.02 0.287555 -0.573317 -0.767216
129 0.315988 0.709037 -2.40953 -0.005 0.01 -0.01 -0.115595 -0.675041 -0.728668
130 0.311947 0.704359 -2.40833 0.02 -0.02 -0.02 0.182173 -0.54546 -0.818099
156 0.406701 0.68744 -2.56212 0.01 1.11759e-10 -0.015 0.124674 -0.901054 -0.415401
157 0.422097 0.680835 -2.56963 -0.005 -0.005 -0.005 0.0806759 -0.872579 -0.481765
158 0.435575 0.67477 -2.5762 -0.01 0.01 0.01 0.0534587 -0.880344 -0.471314
159 0.447045 0.669117 -2.58192 -0.01 -0.015 -0.005 -0.142337 -0.872207 -0.467969
160 0.457078 0.663733 -2.58648 0.02 1.11759e-10 -0.005 0.146128 -0.973266 -0.177203
161 0.465884 0.658168 -2.58992 0.01 0.01 -0.01 -0.171811 -0.876811 -0.449091
162 0.473688 0.652318 -2.5923 -0.02 0.02 1.11759e-10 -0.120579 -0.801987 -0.585046
163 0.480854 0.645767 -2.59361 0.01 -0.005 -0.02 -0.194454 -0.798417 -0.56984
164 0.487405 0.638246 -2.59355 0.01 0.02 0.005 -0.186429 -0.763174 -0.618716
165 0.492326 0.630466 -2.59182 0.005 -0.005 0.01 -0.264533 -0.744557 -0.612909
166 0.493715 0.625242 -2.58706 -0.01 0.005 0.02 -0.277948 -0.733956 -0.619721
167 0.489233 0.622674 -2.58094 -0.005 0.015 1.11759e-10 -0.314011 -0.692878 -0.64909
168 0.478306 0.623416 -2.57326 0.005 0.015 0.02 -0.189464 -0.688175 -0.700371
169 0.461507 0.626968 -2.56456 -0.01 -0.005 0.01 -0.187311 -0.726006 -0.661687
170 0.444142 0.629308 -2.55698 0.015 0.015 0.01 -0.115093 -0.652326 -0.749149
171 0.425118 0.634058 -2.55023 0.015 -0.015 -0.01 0.168324 -0.763757 -0.623171
207 0.334698 0.617113 -2.40527 0.02 0.005 1.11759e-10 0.194092 -0.550473 -0.811978
208 0.381049 0.594097 -2.41787 0.01 0.02 0.02 -0.995833 -0.091191 0
209 0.422806 0.566637 -2.43425 -0.01 0.005 0.02 -0.315752 -0.36719 -0.874913
210 0.458278 0.536764 -2.45205 -0.02 0.02 0.01 -0.249056 -0.182122 -0.951211
211 0.488538 0.503984 -2.47236 -0.005 0.02 0.005 -0.259436 -0.456134 -0.851255
212 0.513346 0.471559 -2.49271 -0.015 0.015 0.015 -0.348265 -0.268618 -0.898084
213 0.534043 0.439196 -2.51323 -0.01 0.015 0.01 -0.464592 -0.429422 -0.774436
214 0.564336 0.378645 -2.55344 1.11759e-10 0.01 0.01 -0.43968 -0.366897 -0.819797
215 0.564336 0.378645 -2.55344 0.02 0.02 0.005 -0.541229 -0.231343 -0.808425
216 0.573929 0.348428 -2.57315 0.01 0.02 -0.02 -0.596874 -0.205779 -0.775497
217 0.577651 0.322717 -2.58793 1.11759e-10 -0.02 0.02 -0.633738 -0.126917 -0.763065
218 0.57889 0.296167 -2.60477 -0.005 0.015 0.01 -0.524429 -0.21093 -0.824914
219 0.575339 0.271175 -2.61721 -0.02 0.02 0.02 -0.605269 -0.145714 -0.78257
220 0.567501 0.245098 -2.62721 0.015 0.005 -0.005 -0.521933 -0.0964692 -0.847514
221 0.556952 0.221463 -2.63491 1.11759e-10 -0.02 0.005 -0.548564 -0.0362281 -0.835323
222 0.544521 0.197206 -2.64046 1.11759e-10 0.005 -0.015 -0.595633 0.0497422 -0.801715
223 0.531573 0.173817 -2.64285 -0.01 1.11759e-10 0.02 -0.551475 0.0693488 -0.831304
224 0.504682 0.133618 -2.63847 0.005 -0.01 0.005 -0.466583 0.0671294 -0.881926
225 0.491482 0.117094 -2.63167 0.02 -0.02 -0.02 -0.432782 0.0880577 -0.897188
226 0.478836 0.10367 -2.62343 -0.005 0.005 0.02 -0.464529 0.120889 -0.877268
227 0.467121 0.0945739 -2.61417 0.005 0.015 -0.01 -0.451739 0.125352 -0.8833
228 0.467121 0.0945739 -2.61417 1.11759e-10 -0.015 0.015 -0.438257 0.143124 -0.887382
229 0.456361 0.0881935 -2.6045 0.015 -0.02 -0.005 -0.42304 0.169911 -0.890038
230 0.442969 0.0857434 -2.58795 -0.005 0.01 -0.015 -0.338549 0.167051 -0.926001
231 0.442969 0.0857434 -2.58795 0.01 1.11759e-10 0.005 -0.32998 0.1579 -0.930689
232 0.439335 0.0900838 -2.57556 0.005 0.005 0.01 -0.343108 0.179856 -0.921916
233 0.440586 0.0934553 -2.57153 0.015 -0.02 -0.02 -0.294301 0.167594 -0.940903
234 0.442816 0.0965045 -2.56864 -0.01 -0.01 1.11759e-10 -0.256767 0.200436 -0.945461
235 0.445153 0.099232 -2.56649 0.02 -0.015 0.005 -0.341714 0.193449 -0.919679
236 0.447557 0.100945 -2.56516 -0.01 1.11759e-10 -0.01 -0.323357 0.172938 -0.93034
237 0.449558 0.10105 -2.56424 -0.01 0.02 -0.02 -0.310122 0.237342 -0.920594
238 0.450991 0.0992826 -2.56355 0.015 -0.005 0.02 -0.391695 0.21017 -0.89577
239 0.451435 0.0957596 -2.56251 -0.015 0.005 0.02 -0.290519 0.218454 -0.931599
240 0.450774 0.0902494 -2.56114 -0.02 0.02 0.015 -0.287615 0.247667 -0.925169
241 0.448872 0.0835867 -2.55982 -0.005 -0.02 -0.01 -0.367059 0.259485 -0.893273
242 0.445595 0.0754306 -2.55856 -0.02 0.02 -0.015 -0.309609 0.208449 -0.927734
243 0.441499 0.0663512 -2.55742 0.01 -0.01 -0.005 -0.353657 0.265654 -0.896858
244 0.436473 0.0572799 -2.55612 -0.015 -0.005 0.02 -0.337222 0.410677 -0.847128
245 0.430949 0.0489497 -2.55477 1.11759e-10 -0.01 0.02 -0.249527 0.429273 -0.868021
246 0.425163 0.0413378 -2.55347 -0.005 0.02 -0.005 -0.295405 0.436464 -0.849844
247 0.418808 0.035205 -2.5518 0.015 0.01 -0.02 -0.296517 0.403307 -0.865691
248 0.412885 0.0317727 -2.549 0.01 -0.02 0.01 -0.19682 0.45354 -0.869232
249 0.406583 0.0310901 -2.54436 0.015 0.005 0.02 -0.170591 0.477439 -0.861946
250 0.400967 0.0332098 -2.53843 -0.005 -0.01 -0.005 -0.296949 0.470526 -0.830919
251 0.396066 0.038563 -2.53056 -0.015 -0.005 -0.005 -0.233832 0.485393 -0.842447
252 0.391857 0.047734 -2.52128 0.02 -0.015 0.005 -0.208283 0.391049 -0.896493
253 0.386638 0.0630822 -2.50992 -0.005 -0.01 0.01 -0.116854 0.280548 -0.952701
254 0.381169 0.0860621 -2.49708 -0.02 -0.015 -0.015 -0.102015 0.285831 -0.952835
255 0.372579 0.119483 -2.48152 1.11759e-10 -0.02 -0.005 -0.0612277 0.107919 -0.992272
259 0.436087 0.609082 -2.55703 0.02 0.02 0.015 0.100001 -0.865321 -0.491141
260 0.464414 0.598103 -2.56978 0.01 -0.01 1.11759e-10 0.129174 -0.787343 -0.602831
261 0.480198 0.589833 -2.57691 -0.01 0.005 -0.02 -0.190039 -0.844798 -0.500202
262 0.486452 0.585875 -2.58046 -0.015 1.11759e-10 -0.01 -0.113204 -0.808212 -0.577909
263 0.482972 0.586711 -2.57925 -0.005 -0.005 -0.015 -0.108574 -0.791159 -0.601896
264 0.472351 0.591301 -2.57461 1.11759e-10 0.02 -0.015 -0.227091 -0.839318 -0.493939
265 0.456 0.598486 -2.5683 0.005 -0.005 1.11759e-10 -0.0769453 -0.862913 -0.499461
266 0.434681 0.607692 -2.56221 0.015 -0.02 0.02 0.0962205 -0.8802 -0.464747
322 0.412015 0.556839 -2.54482 0.005 0.005 0.015 0.13678 -0.825286 -0.547899
323 0.420979 0.567446 -2.55356 -0.015 0.01 0.01 -0.0409099 -0.795587 -0.604456
324 0.431279 0.577696 -2.56098 0.015 -0.015 0.015 0.167584 -0.80564 -0.568208
325 0.441342 0.577767 -2.55997 -0.015 0.015 0.02 -0.30322 -0.817263 -0.49004
326 0.444219 0.560379 -2.54543 -0.02 0.02 1.11759e-10 -0.23732 -0.721354 -0.650636
327 0.362134 0.414622 -2.431 -0.02 0.01 0.005 -0.253864 -0.456406 -0.852788
