0 0.411809 0.0266854 -2.46242 -0.015 -0.01 0.01 -0.342863 0.612056 -0.712623
1 0.416349 0.0300894 -2.46985 -0.005 -0.02 1.11759e-10 -0.234782 0.638749 -0.732719
2 0.416349 0.0300894 -2.46985 0.015 0.005 0.02 -0.324712 0.61244 -0.720749
3 0.418123 0.0317175 -2.47367 -0.005 -0.015 0.005 -0.274625 0.590238 -0.759079
4 0.419586 0.0346095 -2.48162 0.02 -0.015 0.015 -0.349724 0.588203 -0.729185
5 0.419586 0.0346095 -2.48162 -0.005 -0.005 -0.005 -0.257586 0.666531 -0.699561
6 0.418665 0.0350773 -2.48541 -0.005 0.01 1.11759e-10 -0.347103 0.508694 -0.787877
7 0.413143 0.0343682 -2.49176 0.005 -0.015 0.015 -0.383603 0.589235 -0.711092
8 0.413143 0.0343682 -2.49176 -0.005 0.015 0.01 -0.354286 0.651447 -0.670893
9 0.408518 0.0331953 -2.49404 0.005 -0.01 -0.015 -0.373908 0.65513 -0.656504
10 0.397076 0.030318 -2.49731 0.005 1.11759e-10 0.005 -0.29398 0.664883 -0.686663
11 0.39103 0.0287664 -2.49853 0.015 0.005 -0.005 -0.322258 0.642265 -0.695446
12 0.385519 0.02701 -2.49944 0.015 -0.015 0.02 -0.270296 0.628643 -0.729211
13 0.380786 0.0256555 -2.50008 0.015 0.01 0.01 -0.346739 0.591555 -0.727897
14 0.37694 0.0242316 -2.50018 -0.02 -0.02 -0.005 -0.31212 0.568216 -0.761388
15 0.374925 0.0229803 -2.50115 1.11759e-10 -0.015 0.015 -0.271465 0.60206 -0.750886
16 0.374003 0.0215802 -2.50195 0.005 -0.015 -0.01 -0.27458 0.681679 -0.678173
17 0.375408 0.0209711 -2.5038 0.01 -0.02 0.005 -0.339906 0.605635 -0.719493
18 0.377168 0.0201335 -2.50386 -0.02 -0.02 0.01 -0.334588 0.624404 -0.705811
19 0.380328 0.019666 -2.50507 0.005 0.02 0.005 -0.334993 0.596486 -0.729373
20 0.384308 0.0191886 -2.50619 -0.01 -0.01 1.11759e-10 -0.287925 0.621121 -0.728909
21 0.388659 0.0190061 -2.50716 0.005 0.005 -0.01 -0.35018 0.610782 -0.710155
22 0.393213 0.0188353 -2.50793 0.005 1.11759e-10 -0.005 -0.220235 0.628918 -0.745626
23 0.398074 0.0188526 -2.50868 0.005 -0.02 0.015 -0.298215 0.656942 -0.692456
24 0.402835 0.019146 -2.50908 0.01 0.005 -0.02 -0.330975 0.644981 -0.688807
25 0.40741 0.0195007 -2.50961 -0.015 0.005 0.01 -0.315676 0.667001 -0.674876
26 0.411728 0.0197927 -2.50989 0.01 -0.02 -0.01 -0.312942 0.642729 -0.699261
27 0.41576 0.019742 -2.51044 -0.02 0.02 1.11759e-10 -0.348658 0.655881 -0.669521
28 0.419097 0.0198175 -2.51062 -0.005 -0.01 -0.005 -0.34658 0.628828 -0.69603
29 0.421627 0.0202147 -2.51078 -0.005 -0.005 -0.02 -0.344084 0.575687 -0.741749
30 0.423652 0.0203054 -2.51079 -0.02 -0.015 0.005 -0.321325 0.603248 -0.72996
31 0.425437 0.0200034 -2.51109 -0.02 1.11759e-10 -0.005 -0.376548 0.626253 -0.682656
32 0.426756 0.0196499 -2.51096 -0.015 -0.005 -0.005 -0.311852 0.572092 -0.75859
33 0.427775 0.0191225 -2.51072 -0.015 -0.01 0.005 -0.328937 0.613393 -0.718018
34 0.428607 0.0182572 -2.5107 -0.015 1.11759e-10 -0.015 -0.228548 0.689215 -0.687567
35 0.429528 0.0174595 -2.51096 0.02 -0.02 0.005 -0.357851 0.691198 -0.627844
36 0.43061 0.0166242 -2.51096 0.02 1.11759e-10 0.01 -0.300142 0.556921 -0.774437
37 0.43212 0.0158585 -2.51091 0.015 0.005 0.005 -0.407073 0.678619 -0.611366
38 0.4345 0.0147043 -2.51165 1.11759e-10 1.11759e-10 0.01 -0.316963 0.652092 -0.688702
39 0.43724 0.0132239 -2.51221 -0.01 -0.01 0.005 -0.289941 0.592645 -0.75147
40 0.440933 0.0118102 -2.51319 -0.005 -0.005 -0.005 -0.371087 0.576548 -0.727933
41 0.445034 0.0106242 -2.51398 -0.02 0.01 0.02 -0.426772 0.618455 -0.659833
42 0.449722 0.00945818 -2.51525 0.02 0.015 -0.02 -0.364025 0.624891 -0.69065
43 0.453973 0.00860465 -2.51585 -0.005 -0.005 -0.005 -0.369602 0.653851 -0.660207
44 0.458303 0.00819159 -2.5163 -0.01 -0.01 0.015 -0.524991 0.625758 -0.576899
45 0.462755 0.00720298 -2.51679 -0.01 0.005 -0.005 -0.462875 0.576006 -0.673768
46 0.466719 0.00627691 -2.51675 -0.005 1.11759e-10 0.01 -0.50278 0.669047 -0.547347
47 0.470579 0.00537205 -2.51678 0.02 -0.01 0.01 -0.449617 0.665508 -0.595772
48 0.473875 0.00375938 -2.51618 0.02 0.005 0.015 -0.449805 0.623496 -0.639475
49 0.476491 0.00179422 -2.51488 0.01 0.005 0.02 -0.523654 0.681647 -0.511022
50 0.47914 -0.000495672 -2.51397 -0.01 -0.015 0.015 -0.446006 0.675402 -0.587292
51 0.481278 -0.00361919 -2.5125 0.01 -0.015 -0.005 -0.490342 0.618042 -0.614483
52 0.483336 -0.00731081 -2.51103 0.02 0.01 -0.02 -0.510477 0.593656 -0.622082
53 0.485506 -0.0113188 -2.50987 -0.005 -0.01 0.005 -0.469695 0.636395 -0.611872
54 0.48749 -0.0157642 -2.50849 -0.005 -0.015 -0.015 -0.495687 0.592101 -0.635382
55 0.48783 -0.0216143 -2.50659 -0.02 0.02 -0.005 -0.46337 0.639494 -0.613462
56 0.489625 -0.0264568 -2.50463 0.02 -0.005 0.005 -0.409837 0.646299 -0.643685
57 0.492245 -0.0308846 -2.5028 -0.02 0.005 0.015 -0.449001 0.627596 -0.636019
58 0.493437 -0.0364357 -2.50045 0.005 -0.015 0.02 -0.452969 0.688473 -0.566413
59 0.49458 -0.0419896 -2.49772 0.01 -0.015 0.005 -0.461674 0.669084 -0.582395
60 0.494269 -0.0484766 -2.49441 -0.02 -0.02 1.11759e-10 -0.411647 0.65508 -0.633574
61 0.495353 -0.054023 -2.4912 0.02 -0.02 0.02 -0.54729 0.609771 -0.573282
62 0.49598 -0.0596985 -2.48811 1.11759e-10 -0.02 -0.01 -0.473959 0.657872 -0.585293
63 0.496615 -0.0652949 -2.48495 1.11759e-10 0.015 -0.005 -0.532076 0.607109 -0.590182
64 0.497548 -0.0705947 -2.48204 0.01 -0.015 1.11759e-10 -0.494786 0.640239 -0.587606
65 0.498742 -0.0758244 -2.47927 -0.015 -0.015 0.02 -0.563398 0.604092 -0.56361
66 0.500082 -0.0809361 -2.47685 -0.01 -0.005 0.015 -0.44632 0.667963 -0.595502
67 0.501615 -0.0856289 -2.47451 0.01 -0.015 -0.02 -0.552133 0.632355 -0.543393
68 0.496238 -0.0935121 -2.46723 -0.015 -0.015 -0.015 -0.440476 0.652215 -0.616925
69 0.502678 -0.0929813 -2.46988 0.005 0.005 -0.015 -0.516774 0.582695 -0.627226
70 0.506979 -0.0983438 -2.46735 1.11759e-10 -0.015 0.01 -0.498549 0.645896 -0.578158
71 0.514085 -0.102809 -2.46489 -0.02 -0.015 0.015 -0.547176 0.638494 -0.541224
72 0.517283 -0.105274 -2.46284 0.02 -0.02 0.01 -0.586401 0.592868 -0.551944
73 0.520604 -0.107624 -2.46089 0.005 -0.02 -0.005 -0.608171 0.594476 -0.526048
74 0.523929 -0.110021 -2.45895 -0.02 -0.02 -0.005 -0.584933 0.630821 -0.509821
75 0.527272 -0.112376 -2.45686 0.005 0.02 0.02 -0.619391 0.566171 -0.543879
76 0.530512 -0.114706 -2.45446 1.11759e-10 -0.015 -0.02 -0.589885 0.660267 -0.464848
77 0.533664 -0.117378 -2.45179 -0.005 -0.015 0.015 -0.597717 0.608504 -0.521974
78 0.536386 -0.120554 -2.4491 0.015 -0.015 0.02 -0.688133 0.535894 -0.489174
79 0.538723 -0.123994 -2.44632 1.11759e-10 -0.01 0.01 -0.599559 0.569111 -0.562709
80 0.540856 -0.12809 -2.44339 0.005 -0.02 0.015 -0.598825 0.58285 -0.549267
81 0.542726 -0.132908 -2.43998 -0.005 1.11759e-10 0.005 -0.633319 0.571708 -0.521592
82 0.544235 -0.138226 -2.43606 0.02 -0.015 0.015 -0.664376 0.547322 -0.508964
83 0.545876 -0.143747 -2.43305 -0.015 0.02 1.11759e-10 -0.675391 0.564564 -0.474463
84 0.54678 -0.149998 -2.42927 0.015 -0.02 -0.02 -0.655102 0.575998 -0.488946
85 0.54774 -0.156563 -2.42552 -0.02 0.015 0.015 -0.655392 0.595118 -0.465076
86 0.548412 -0.163601 -2.42119 0.005 -0.02 0.005 -0.670329 0.533404 -0.515887
87 0.54927 -0.170773 -2.41785 -0.015 0.005 -0.02 -0.710516 0.575864 -0.404411
88 0.549842 -0.177762 -2.41351 0.02 -0.015 0.02 -0.654797 0.564427 -0.502657
89 0.55062 -0.18467 -2.40926 -0.01 -0.02 -0.01 -0.686709 0.577168 -0.441936
90 0.551514 -0.191431 -2.40527 -0.02 -0.01 0.01 -0.653428 0.622989 -0.43002
91 0.552431 -0.198008 -2.40128 0.01 0.02 -0.02 -0.600569 0.611992 -0.51457
92 0.553372 -0.204045 -2.39716 -0.02 -0.01 -0.01 -0.683464 0.573059 -0.452196
93 0.554038 -0.209954 -2.39309 0.01 -0.015 0.01 -0.692806 0.579237 -0.42954
94 0.55403 -0.215432 -2.38893 -0.005 -0.02 0.01 -0.66488 0.570785 -0.481807
95 0.554155 -0.2209 -2.38502 -0.005 -0.02 -0.01 -0.741385 0.525384 -0.417516
96 0.553477 -0.225964 -2.38135 0.005 -0.015 0.015 -0.713026 0.542364 -0.444337
97 0.552582 -0.230643 -2.37781 1.11759e-10 0.01 0.02 -0.665329 0.611199 -0.428687
98 0.551336 -0.234585 -2.37478 1.11759e-10 -0.005 0.005 -0.642835 0.665262 -0.379723
99 0.550266 -0.237714 -2.37205 -0.02 1.11759e-10 0.01 -0.650581 0.586455 -0.48251
100 0.549263 -0.240072 -2.36963 1.11759e-10 -0.005 0.01 -0.660047 0.510151 -0.551438
101 0.548782 -0.241422 -2.36763 1.11759e-10 -0.01 -0.015 -0.640798 0.630453 -0.438072
102 0.548577 -0.241953 -2.36632 1.11759e-10 0.015 -0.01 -0.694805 0.550942 -0.462287
103 0.548825 -0.241849 -2.36568 0.015 0.01 0.02 -0.603924 0.603736 -0.520364
104 0.549417 -0.241109 -2.36544 0.005 0.01 -0.01 -0.69913 0.61402 -0.36633
105 0.550257 -0.239968 -2.36553 -0.015 -0.005 0.01 -0.656918 0.563933 -0.500438
106 0.551181 -0.238661 -2.36616 -0.015 -0.02 0.01 -0.767478 0.529837 -0.360902
107 0.552269 -0.237444 -2.36743 -0.015 0.005 0.015 -0.642541 0.558996 -0.524085
108 0.55337 -0.236312 -2.3687 0.005 -0.015 1.11759e-10 -0.692156 0.554348 -0.46219
109 0.554582 -0.23536 -2.3702 1.11759e-10 -0.02 -0.005 -0.694065 0.57225 -0.436812
110 0.555529 -0.234684 -2.37203 0.005 0.01 -0.015 -0.687712 0.562618 -0.458817
111 0.556468 -0.234299 -2.37357 0.01 0.01 0.02 -0.667883 0.584879 -0.46027
112 0.557234 -0.234116 -2.37511 0.02 -0.005 0.015 -0.648591 0.613434 -0.450587
113 0.557936 -0.234122 -2.37678 0.015 -0.005 1.11759e-10 -0.710125 0.524939 -0.469214
114 0.558218 -0.234234 -2.37807 -0.01 1.11759e-10 1.11759e-10 -0.715839 0.567238 -0.407204
115 0.558467 -0.23437 -2.37904 0.015 -0.005 1.11759e-10 -0.670628 0.635254 -0.383028
116 0.558625 -0.234586 -2.37999 -0.02 -0.015 -0.02 -0.711015 0.563686 -0.420375
117 0.558698 -0.23484 -2.38084 1.11759e-10 0.01 0.005 -0.722966 0.508012 -0.468235
118 0.558677 -0.234813 -2.38171 -0.01 0.01 -0.02 -0.644227 0.60639 -0.466115
119 0.558353 -0.234712 -2.38219 -0.02 0.02 0.015 -0.696792 0.535546 -0.47715
120 0.557969 -0.234275 -2.38277 0.005 -0.01 0.015 -0.643216 0.62487 -0.442505
121 0.557526 -0.233426 -2.38323 -0.015 0.02 0.01 -0.676101 0.566412 -0.471237
122 0.557014 -0.232177 -2.38412 -0.015 -0.015 0.015 -0.704535 0.526867 -0.475438
123 0.556232 -0.230325 -2.38503 -0.01 0.02 0.01 -0.656437 0.565042 -0.499817
124 0.55543 -0.22777 -2.38615 -0.005 -0.015 -0.015 -0.692405 0.580053 -0.429085
125 0.554968 -0.224813 -2.38766 -0.02 0.005 -0.005 -0.694467 0.554359 -0.458695
126 0.554579 -0.221418 -2.3898 -0.01 0.005 0.02 -0.726878 0.550645 -0.410411
127 0.554211 -0.217585 -2.39206 0.005 -0.005 -0.01 -0.62903 0.57919 -0.518517
128 0.553793 -0.213251 -2.39476 0.015 -0.015 1.11759e-10 -0.747219 0.556995 -0.36252
129 0.553478 -0.208619 -2.39796 -0.02 -0.02 1.11759e-10 -0.685846 0.615564 -0.388195
130 0.553157 -0.203643 -2.40123 0.005 -0.015 -0.005 -0.664204 0.566574 -0.487675
131 0.55313 -0.198288 -2.40476 -0.01 -0.02 0.02 -0.651988 0.620645 -0.435559
132 0.553289 -0.192718 -2.4083 0.005 -0.015 -0.01 -0.651745 0.546274 -0.52613
133 0.553328 -0.186963 -2.41129 1.11759e-10 -0.015 0.02 -0.649852 0.570374 -0.50236
134 0.553542 -0.180863 -2.41456 0.02 -0.02 0.01 -0.66652 0.610563 -0.427743
135 0.553414 -0.174505 -2.41742 -0.01 -0.01 0.01 -0.70577 0.546913 -0.450305
136 0.55332 -0.168017 -2.42015 -0.01 -0.01 -0.005 -0.64932 0.641416 -0.408618
137 0.553105 -0.161514 -2.42271 -0.01 -0.02 0.015 -0.691632 0.499422 -0.521749
138 0.552677 -0.154926 -2.42504 0.02 -0.02 -0.015 -0.625961 0.578416 -0.523075
139 0.55298 -0.148696 -2.42789 -0.005 -0.005 -0.01 -0.635983 0.588722 -0.498931
140 0.551263 -0.141709 -2.42949 0.015 0.005 0.005 -0.645921 0.598743 -0.473595
141 0.551612 -0.135415 -2.43315 -0.005 0.005 0.015 -0.688693 0.563518 -0.456234
142 0.550005 -0.128224 -2.43517 -0.02 -0.005 -0.015 -0.649706 0.61639 -0.444911
143 0.549135 -0.121361 -2.4375 0.01 -0.015 -0.01 -0.712539 0.491432 -0.500783
144 0.549228 -0.114997 -2.43999 -0.01 1.11759e-10 0.02 -0.728438 0.534353 -0.428771
145 0.54963 -0.108917 -2.44248 1.11759e-10 0.02 -0.015 -0.63118 0.609223 -0.480061
146 0.549767 -0.102628 -2.44502 -0.015 -0.015 1.11759e-10 -0.628366 0.571778 -0.527471
147 0.549694 -0.0962186 -2.44778 0.005 -0.02 -0.015 -0.684598 0.537557 -0.492298
148 0.549603 -0.090112 -2.45057 -0.02 -0.02 0.01 -0.668813 0.527152 -0.524213
149 0.549955 -0.083968 -2.45475 0.015 -0.005 0.015 -0.624239 0.561556 -0.543121
150 0.54989 -0.0780204 -2.45777 0.02 -0.005 -0.01 -0.645483 0.580656 -0.496176
151 0.549955 -0.0720624 -2.46065 -0.015 -0.02 0.02 -0.68504 0.542485 -0.48624
152 0.549937 -0.0660909 -2.46391 -0.015 -0.01 -0.02 -0.678354 0.481655 -0.554837
153 0.549858 -0.0601494 -2.46698 -0.015 -0.02 0.015 -0.681079 0.434737 -0.589182
154 0.549939 -0.0541973 -2.47017 0.01 -0.01 -0.02 -0.609929 0.589648 -0.529436
155 0.55018 -0.048389 -2.47357 0.005 -0.02 -0.015 -0.581794 0.565044 -0.585014
156 0.55055 -0.0425459 -2.47672 0.02 -0.005 0.01 -0.612855 0.601662 -0.512261
157 0.551046 -0.0367538 -2.47983 0.01 0.005 0.02 -0.649538 0.51856 -0.556055
158 0.551374 -0.0309645 -2.48265 -0.015 0.02 -0.015 -0.64451 0.592454 -0.483328
159 0.551854 -0.0250089 -2.48537 0.005 -0.005 0.02 -0.635395 0.54939 -0.542627
160 0.552403 -0.0188445 -2.48782 0.02 -0.02 0.01 -0.632058 0.515978 -0.57816
161 0.553024 -0.0126152 -2.49038 0.015 -0.01 0.01 -0.659893 0.530334 -0.532247
162 0.553247 -0.00611305 -2.49277 0.015 -0.01 0.015 -0.645415 0.551478 -0.528499
163 0.553161 0.000393093 -2.49503 0.005 -0.015 -0.015 -0.608125 0.537449 -0.584237
164 0.553401 0.00678039 -2.49797 0.005 -0.015 0.01 -0.632321 0.53242 -0.562761
165 0.553441 0.0129188 -2.50047 0.01 -0.015 0.02 -0.663966 0.525611 -0.531867
166 0.55393 0.0189064 -2.50352 0.01 -0.005 0.01 -0.652805 0.531114 -0.540151
167 0.553533 0.0244561 -2.50499 0.015 0.005 0.015 -0.655969 0.584578 -0.477466
168 0.553386 0.0298187 -2.50697 0.02 0.01 -0.01 -0.68651 0.493908 -0.533628
169 0.553422 0.0349088 -2.50936 0.01 -0.015 0.005 -0.569121 0.655848 -0.495948
170 0.553315 0.0398301 -2.51131 0.015 -0.01 -0.015 -0.566073 0.567132 -0.598267
171 0.552766 0.0446279 -2.51266 0.015 -0.02 -0.015 -0.597621 0.606904 -0.523944
172 0.551796 0.0493059 -2.51376 0.01 -0.005 0.01 -0.594229 0.51804 -0.615245
173 0.550718 0.0539594 -2.51502 -0.01 1.11759e-10 0.02 -0.602458 0.516612 -0.608405
174 0.549491 0.0581969 -2.51635 -0.005 -0.01 1.11759e-10 -0.534891 0.617768 -0.576415
175 0.548488 0.0619568 -2.51768 0.015 -0.01 -0.01 -0.640182 0.555872 -0.530258
176 0.547687 0.0652748 -2.51877 1.11759e-10 -0.015 0.015 -0.597144 0.576076 -0.558172
177 0.546994 0.0681678 -2.51975 0.02 0.005 0.02 -0.524978 0.653554 -0.545221
178 0.546176 0.0707198 -2.52062 -0.005 -0.01 0.015 -0.491611 0.591612 -0.638995
179 0.545104 0.0729047 -2.52148 -0.01 -0.015 -0.01 -0.622712 0.384928 -0.681219
180 0.544013 0.0746667 -2.52171 -0.005 -0.015 0.015 -0.645744 0.549977 -0.52966
181 0.542912 0.076023 -2.52256 -0.01 -0.01 -0.005 -0.515693 0.462178 -0.721424
182 0.542125 0.0768046 -2.52254 0.015 0.015 0.02 -0.631049 0.49581 -0.596615
183 0.541472 0.0771494 -2.52247 0.015 -0.015 -0.01 -0.614816 0.563527 -0.55176
184 0.5409 0.0768843 -2.52197 0.015 -0.015 -0.015 -0.54624 0.636938 -0.543997
185 0.540399 0.0762193 -2.52159 0.005 -0.005 0.02 -0.590071 0.523888 -0.614294
186 0.539933 0.0753212 -2.52083 0.01 0.02 -0.02 -0.567534 0.425142 -0.705096
187 0.539479 0.07424 -2.52057 1.11759e-10 -0.02 -0.005 -0.542717 0.583634 -0.604011
188 0.539041 0.0730801 -2.52032 0.015 -0.01 -0.015 -0.614351 0.562488 -0.553335
189 0.538658 0.071729 -2.52031 0.02 -0.02 0.005 -0.575958 0.472784 -0.666893
190 0.538 0.0685359 -2.52017 -0.01 -0.02 1.11759e-10 -0.548817 0.564669 -0.6164
191 0.537784 0.0669713 -2.52084 -0.02 -0.02 -0.015 -0.598876 0.531039 -0.599454
192 0.537213 0.0655199 -2.52102 -0.02 0.01 0.015 -0.512325 0.55449 -0.655793
193 0.536359 0.064319 -2.52106 -0.005 0.015 0.015 -0.60917 0.542691 -0.578271
194 0.534548 0.062964 -2.52045 0.01 1.11759e-10 -0.01 -0.535638 0.561252 -0.630942
195 0.533432 0.0622648 -2.52096 0.02 1.11759e-10 0.01 -0.547638 0.577985 -0.605
196 0.53175 0.0612714 -2.52041 -0.015 -0.015 0.015 -0.547945 0.680348 -0.486707
197 0.530652 0.0605035 -2.52037 1.11759e-10 -0.02 0.02 -0.480702 0.581302 -0.656516
198 0.529414 0.0598534 -2.5198 0.015 -0.02 -0.005 -0.520712 0.576233 -0.629932
199 0.528634 0.0596116 -2.51925 0.02 -0.01 -0.005 -0.585491 0.431946 -0.68602
200 0.527653 0.0593714 -2.51847 0.01 -0.015 0.015 -0.501309 0.566966 -0.653636
201 0.524289 0.0608263 -2.51253 0.02 -0.005 0.01 -0.51529 0.56089 -0.647981
202 0.523699 0.0613358 -2.5116 0.02 -0.015 -0.02 -0.602703 0.528241 -0.598089
203 0.523214 0.0620514 -2.51053 0.015 0.005 0.005 -0.54229 0.529957 -0.651972
204 0.523031 0.06292 -2.50928 -0.005 -0.01 -0.02 -0.542211 0.543031 -0.64119
205 0.523317 0.0640781 -2.50793 0.02 0.01 -0.01 -0.502983 0.551379 -0.665574
206 0.524053 0.06603 -2.50602 0.015 -0.015 0.015 -0.500254 0.524055 -0.689284
207 0.525295 0.0690002 -2.50367 0.01 0.02 0.005 -0.542853 0.531336 -0.650379
208 0.526994 0.0730879 -2.50074 0.005 -0.005 -0.015 -0.48199 0.557403 -0.676009
209 0.529381 0.0781842 -2.4973 0.015 -0.02 -0.005 -0.508368 0.52346 -0.683777
210 0.532605 0.0842983 -2.49377 -0.015 -0.01 -0.02 -0.430046 0.590271 -0.683111
211 0.536409 0.0915523 -2.48977 0.01 -0.015 0.005 -0.562003 0.504398 -0.655541
212 0.540709 0.0996855 -2.48582 -0.02 -0.02 0.005 -0.539132 0.420651 -0.72965
213 0.545069 0.108926 -2.48118 0.015 1.11759e-10 1.11759e-10 -0.580795 0.472652 -0.66278
214 0.549408 0.118577 -2.47658 0.005 -0.02 0.02 -0.57273 0.369946 -0.73152
215 0.553475 0.128706 -2.47149 1.11759e-10 0.015 -0.015 -0.666251 0.443908 -0.599212
216 0.557249 0.139571 -2.46606 1.11759e-10 0.01 -0.015 -0.556228 0.337464 -0.759426
217 0.560649 0.150913 -2.4602 1.11759e-10 0.02 0.015 -0.567993 0.393006 -0.723139
218 0.563604 0.163035 -2.45388 1.11759e-10 -0.005 0.005 -0.618603 0.340093 -0.708284
219 0.566205 0.176196 -2.44743 -0.01 0.02 -0.005 -0.626886 0.232006 -0.743766
220 0.568363 0.190093 -2.44107 0.015 -0.01 0.01 -0.599354 0.181368 -0.779667
221 0.56995 0.204472 -2.43495 -0.015 0.005 -0.01 -0.580321 0.235342 -0.779642
222 0.572337 0.234839 -2.42351 -0.01 -0.01 0.01 -0.528209 0.134146 -0.838451
223 0.573348 0.250527 -2.41875 -0.02 -0.01 -0.01 -0.471388 0.207135 -0.857257
224 0.574455 0.266469 -2.41474 0.01 0.02 0.015 -0.553194 0.0880875 -0.828382
225 0.575086 0.282983 -2.41201 0.015 0.02 -0.005 -0.578356 0.223022 -0.784708
226 0.576131 0.300056 -2.40946 0.015 0.015 0.02 -0.461578 0.0554189 -0.885367
227 0.577542 0.317373 -2.40808 0.02 0.005 0.015 -0.561155 -0.0764237 -0.824175
228 0.578963 0.335242 -2.40766 0.02 -0.02 1.11759e-10 -0.547691 -0.177675 -0.817598
229 0.580483 0.353767 -2.40821 -0.01 0.015 0.005 -0.520073 -0.130482 -0.844096
231 0.582298 0.391609 -2.41131 0.02 0.02 -0.02 -0.0876323 0.133356 -0.987186
232 0.582424 0.410809 -2.41314 -0.02 -0.02 -0.02 -1 -0 -0
233 0.582091 0.429937 -2.41612 0.015 0.015 -0.005 -0.0682477 -0.0375132 -0.996963
234 0.581574 0.44824 -2.41926 0.005 0.02 -0.015 -0.660901 -0.219563 -0.717636
235 0.580651 0.46605 -2.42277 1.11759e-10 0.015 0.02 -0.317022 -0.0982297 -0.943317
236 0.579369 0.483494 -2.42672 1.11759e-10 0.02 1.11759e-10 -0.0363187 -0.027814 -0.998953
237 0.577614 0.500226 -2.43091 -0.015 0.015 0.02 -0.280293 -0.292542 -0.914251
238 0.575245 0.516361 -2.4352 -0.005 0.02 0.005 -0.484441 -0.154509 -0.861071
239 0.572691 0.532248 -2.44014 0.015 0.02 1.11759e-10 -0.385749 -0.191106 -0.902594
240 0.569609 0.548248 -2.445 -0.005 1.11759e-10 -0.01 -0.663782 -0.194625 -0.72216
241 0.565779 0.564214 -2.45055 0.02 1.11759e-10 -0.005 -0.352859 -0.279299 -0.893019
242 0.561742 0.580317 -2.45673 0.015 -0.005 -0.005 -0.513653 -0.478684 -0.712055
243 0.557177 0.596322 -2.46312 1.11759e-10 -0.005 0.02 -0.33672 -0.551248 -0.763377
244 0.552402 0.612137 -2.46984 0.005 0.01 -0.01 -0.438854 -0.498495 -0.747603
245 0.547708 0.627501 -2.47712 -0.005 0.02 1.11759e-10 -0.428655 -0.607871 -0.668392
246 0.542955 0.642514 -2.4845 0.01 0.015 0.02 -0.326715 -0.483564 -0.812049
247 0.538301 0.656967 -2.49234 0.015 0.02 -0.01 -0.521228 -0.521608 -0.67546
248 0.53356 0.6705 -2.5002 -0.01 0.02 -0.005 -0.43014 -0.607208 -0.668041
249 0.528749 0.683088 -2.50801 -0.015 0.015 -0.015 -0.451484 -0.609297 -0.651859
250 0.524134 0.694673 -2.51585 -0.015 0.01 -0.02 -0.278625 -0.623499 -0.730491
251 0.519681 0.70544 -2.52344 0.015 0.01 -0.015 -0.445257 -0.632112 -0.634177
252 0.515372 0.715524 -2.53076 -0.005 0.02 0.01 -0.509735 -0.576072 -0.638993
253 0.511024 0.725192 -2.53798 0.015 0.01 0.02 -0.36002 -0.540432 -0.760473
254 0.506997 0.733962 -2.54505 0.02 0.01 0.02 -0.518009 -0.710686 -0.476017
255 0.503099 0.742399 -2.55195 -0.015 0.015 -0.01 -0.44391 -0.548181 -0.708831
256 0.499419 0.749757 -2.55918 -0.005 1.11759e-10 -0.01 -0.213142 -0.815284 -0.538408
257 0.495734 0.75672 -2.56634 -0.015 -0.02 0.01 -0.3629 -0.749872 -0.553168
258 0.49215 0.762997 -2.57303 0.015 0.01 -0.01 -0.424154 -0.48159 -0.766919
259 0.488585 0.769033 -2.57948 0.01 0.02 -0.01 -0.365304 -0.856548 -0.364526
260 0.485331 0.774871 -2.5865 -0.005 0.015 -0.005 -0.253204 -0.883611 -0.393852
261 0.481985 0.780479 -2.59345 -0.015 0.02 0.015 -0.291562 -0.851229 -0.43635
262 0.47867 0.786001 -2.60043 0.015 -0.02 0.01 -0.373414 -0.841683 -0.390042
263 0.474864 0.791523 -2.60735 0.01 -0.005 0.015 -0.310374 -0.784219 -0.537278
264 0.47126 0.796843 -2.61491 1.11759e-10 0.02 0.005 -0.199785 -0.915679 -0.348738
265 0.467704 0.802281 -2.62345 0.005 0.005 -0.01 -0.0693785 -0.994305 -0.0808944
266 0.463256 0.807999 -2.63161 -0.015 0.01 0.015 -0.183174 -0.948488 -0.258491
267 0.458459 0.814521 -2.63973 -0.01 0.015 -0.015 -0.376693 -0.846764 -0.375624
268 0.453844 0.819374 -2.64894 1.11759e-10 0.015 0.02 -0.211313 -0.843742 -0.493402
269 0.448939 0.825321 -2.65599 -0.015 -0.015 0.015 -0.223341 -0.939717 -0.258942
270 0.444274 0.829565 -2.66289 -0.01 0.02 0.02 -0.227957 -0.922901 -0.310307
271 0.440227 0.832267 -2.66942 0.015 -0.01 0.005 -0.284237 -0.920505 -0.268103
272 0.436864 0.834677 -2.67452 -0.015 -0.015 0.01 -0.1796 -0.921444 -0.344508
273 0.434214 0.836794 -2.67796 -0.015 -0.01 -0.01 -0.259162 -0.921996 -0.287678
274 0.432231 0.837485 -2.68 -0.015 0.005 0.02 -0.288306 -0.901245 -0.323477
275 0.431328 0.837782 -2.68135 0.015 0.02 0.015 -0.251541 -0.924574 -0.286163
276 0.430865 0.837608 -2.68143 0.02 -0.01 -0.01 -0.216172 -0.934422 -0.283066
277 0.431087 0.836935 -2.68096 0.02 0.015 0.005 -0.238558 -0.938641 -0.249086
278 0.432143 0.837565 -2.67877 -0.01 1.11759e-10 -0.005 -0.195793 -0.938904 -0.283062
279 0.433173 0.834755 -2.67884 -0.02 -0.005 -0.005 -0.388208 -0.850997 -0.353692
280 0.434678 0.83578 -2.67632 1.11759e-10 0.015 -0.01 -0.452073 -0.7683 -0.453149
281 0.436062 0.832702 -2.67649 -0.015 -0.02 0.015 -0.303937 -0.895576 -0.324909
282 0.437634 0.833663 -2.67399 1.11759e-10 -0.005 1.11759e-10 -0.202634 -0.917035 -0.343491
283 0.439127 0.832984 -2.67264 0.01 0.005 -0.015 -0.298856 -0.877869 -0.374207
284 0.440474 0.831904 -2.67174 0.01 0.005 -0.02 -0.306202 -0.899136 -0.312721
285 0.441535 0.831058 -2.67042 -0.015 0.02 1.11759e-10 -0.169112 -0.909595 -0.379523
286 0.44255 0.830139 -2.66889 -0.015 0.005 -0.015 -0.331327 -0.878243 -0.344836
287 0.443715 0.828989 -2.66684 0.02 -0.005 0.015 -0.297938 -0.924476 -0.237859
288 0.444841 0.827443 -2.6645 0.015 -0.01 0.01 -0.187793 -0.938597 -0.289429
289 0.44594 0.826121 -2.66156 -0.01 0.015 1.11759e-10 -0.266432 -0.918398 -0.292504
290 0.447188 0.824278 -2.65888 1.11759e-10 -0.005 0.02 -0.405779 -0.872541 -0.272058
291 0.448324 0.82275 -2.65595 -0.01 -0.01 0.02 -0.295001 -0.9279 -0.227982
292 0.449419 0.821719 -2.653 -0.01 -0.005 0.015 -0.191199 -0.907343 -0.374394
293 0.450478 0.819761 -2.65061 -0.015 1.11759e-10 0.01 -0.251844 -0.888401 -0.38382
294 0.451578 0.817973 -2.64766 -0.01 0.01 0.01 -0.261807 -0.864288 -0.429492
295 0.4529 0.815669 -2.64404 0.005 -0.015 0.005 -0.485669 -0.741776 -0.462487
296 0.454622 0.812838 -2.63802 -0.015 0.02 0.015 -0.335216 -0.893222 -0.299642
297 0.456679 0.8076 -2.63202 -0.015 -0.005 0.015 -0.305036 -0.867478 -0.392983
298 0.458843 0.802627 -2.62373 -0.005 0.005 0.005 -0.33487 -0.841984 -0.422995
299 0.460112 0.796156 -2.61447 -0.01 0.015 0.015 -0.257661 -0.866874 -0.426778
300 0.461662 0.790653 -2.60459 0.02 1.11759e-10 0.02 -0.238059 -0.889854 -0.389213
301 0.463409 0.784732 -2.59507 -0.005 0.015 0.005 -0.26415 -0.842316 -0.469818
302 0.465693 0.778253 -2.58655 -0.02 -0.01 -0.02 -0.322528 -0.842909 -0.430673
303 0.468594 0.771679 -2.57812 0.02 0.005 -0.01 -0.243597 -0.800904 -0.547004
304 0.471657 0.765174 -2.57011 -0.015 0.015 0.015 0.180241 -0.819772 -0.543587
305 0.474673 0.758194 -2.56223 -0.015 0.02 0.01 -0.310355 -0.847709 -0.430197
306 0.47778 0.750979 -2.55423 0.01 -0.005 1.11759e-10 -0.266107 -0.816461 -0.512424
307 0.48069 0.743523 -2.54649 -0.005 0.01 0.015 -0.342362 -0.773472 -0.533413
308 0.484495 0.735577 -2.53701 0.01 0.02 -0.01 -0.588856 -0.641916 -0.491114
309 0.487763 0.7268 -2.52911 0.015 1.11759e-10 0.01 -0.42458 -0.729084 -0.536814
310 0.490836 0.717298 -2.52103 -0.02 0.015 -0.005 -0.43424 -0.662208 -0.610669
311 0.494564 0.70698 -2.51266 -0.01 0.015 0.015 -0.299608 -0.746552 -0.59405
312 0.496881 0.695556 -2.50397 -0.02 0.01 0.02 -0.288672 -0.706327 -0.646351
313 0.500072 0.68363 -2.49545 1.11759e-10 0.02 0.02 -0.363592 -0.595576 -0.716303
314 0.503717 0.671313 -2.48721 0.02 0.02 0.01 -0.452528 -0.641815 -0.619106
315 0.505977 0.659182 -2.47782 -0.02 0.015 -0.02 -0.393414 -0.505022 -0.768231
316 0.50941 0.64588 -2.46968 -0.02 1.11759e-10 -0.005 -0.283885 -0.527497 -0.800722
317 0.512649 0.632336 -2.46192 0.02 -0.02 0.02 -0.494556 -0.502058 -0.709473
318 0.515854 0.619068 -2.4547 -0.02 0.01 1.11759e-10 -0.358741 -0.378898 -0.853078
319 0.519188 0.605349 -2.44803 1.11759e-10 1.11759e-10 0.015 -0.492634 -0.559527 -0.666514
320 0.522371 0.591472 -2.44155 1.11759e-10 0.015 0.01 -0.380719 -0.584187 -0.716783
321 0.525324 0.57797 -2.43559 0.02 0.015 -0.005 -0.359221 -0.560681 -0.746054
322 0.528483 0.564462 -2.43024 0.01 0.02 -0.005 -0.237136 -0.513776 -0.824501
323 0.531486 0.551251 -2.42522 -0.015 -0.02 -0.005 -0.413597 -0.468468 -0.780689
324 0.534399 0.537849 -2.42078 0.02 -0.02 0.01 -0.338703 -0.325323 -0.882862
325 0.536755 0.523992 -2.41659 1.11759e-10 0.005 -0.01 -0.325934 -0.303733 -0.895273
326 0.538002 0.510187 -2.41185 0.015 0.015 0.01 -0.251249 -0.169591 -0.952949
327 0.538594 0.495411 -2.40697 0.005 0.015 -0.015 -0.514882 -0.129371 -0.847443
328 0.538483 0.4805 -2.40211 -0.015 0.015 -0.02 -0.492519 -0.108365 -0.863529
329 0.537521 0.465047 -2.39742 -0.005 0.015 0.015 -0.459793 -0.165307 -0.872504
330 0.536318 0.448674 -2.39252 0.015 0.02 -0.02 -0.352282 -0.0871795 -0.931825
331 0.534165 0.433511 -2.38809 0.02 0.02 -0.015 -0.243656 -0.111771 -0.9634
332 0.532157 0.417812 -2.38412 -0.005 -0.01 -0.01 -0.450836 -0.127396 -0.883469
333 0.529211 0.404351 -2.38015 -0.01 -0.02 -0.005 -0.251997 -0.184107 -0.950054
334 0.526648 0.391489 -2.37721 -0.005 0.015 -0.02 -0.203229 0.0507281 -0.977816
335 0.524438 0.379442 -2.37449 0.02 -0.01 0.015 -0.0730204 0.0410978 -0.996483
336 0.522466 0.368413 -2.37239 0.005 1.11759e-10 0.015 -0.371313 -0.0817287 -0.924904
337 0.520844 0.356105 -2.37101 0.02 0.02 0.015 -0.368909 -0.12415 -0.921137
338 0.518747 0.343868 -2.3696 0.005 1.11759e-10 0.01 -0.382866 -0.133338 -0.914131
339 0.516441 0.332005 -2.36864 0.02 0.02 1.11759e-10 -0.472817 -0.118657 -0.873135
340 0.513747 0.319205 -2.36776 1.11759e-10 0.005 -0.01 -0.363558 0.127585 -0.922793
341 0.510969 0.306541 -2.36688 0.005 -0.015 0.015 -0.428233 -0.0634468 -0.901438
342 0.505044 0.281389 -2.36664 -0.005 -0.015 0.01 -0.419198 0.114613 -0.900631
343 0.501588 0.268887 -2.36663 0.01 -0.005 0.01 -0.329005 0.124678 -0.936061
344 0.498743 0.254665 -2.36898 0.005 1.11759e-10 0.02 -0.408933 0.156295 -0.89908
345 0.495108 0.243081 -2.36895 -0.005 0.015 0.01 -0.357013 0.100218 -0.928708
346 0.492149 0.231046 -2.37029 -0.005 -0.005 -0.01 -0.350612 0.132306 -0.927128
347 0.489566 0.218545 -2.37258 1.11759e-10 0.02 -0.02 -0.389968 0.212155 -0.896055
348 0.48652 0.207258 -2.37466 0.02 -0.02 0.005 -0.341889 0.220692 -0.913459
349 0.484128 0.194895 -2.37756 -0.01 0.015 0.015 -0.291016 0.282423 -0.914083
350 0.481904 0.18277 -2.38078 0.015 0.02 0.01 -0.290893 0.233751 -0.927762
351 0.479017 0.170797 -2.38422 -0.015 -0.02 0.015 -0.341702 0.305495 -0.88877
352 0.476327 0.157469 -2.38859 -0.02 -0.015 1.11759e-10 -0.346067 0.303562 -0.887743
353 0.472773 0.143652 -2.39356 0.015 -0.02 -0.005 -0.259553 0.362859 -0.894967
354 0.46895 0.129792 -2.39865 -0.005 -0.01 1.11759e-10 -0.292654 0.31244 -0.903734
355 0.465523 0.116606 -2.40493 0.015 0.01 0.01 -0.288998 0.462978 -0.837933
356 0.461502 0.102389 -2.41181 0.01 -0.01 0.02 -0.203123 0.55246 -0.808412
357 0.45714 0.0897843 -2.41813 -0.01 0.01 0.01 -0.335146 0.533726 -0.776411
358 0.452898 0.0785334 -2.42457 1.11759e-10 -0.02 -0.01 -0.277787 0.501947 -0.819075
359 0.449059 0.0673329 -2.43197 1.11759e-10 0.01 -0.005 -0.331419 0.500276 -0.799928
360 0.446174 0.0573606 -2.43914 -0.015 -0.02 -0.005 -0.243565 0.452222 -0.858004
361 0.443662 0.0484703 -2.44644 0.02 -0.01 0.02 -0.229752 0.631077 -0.740916
362 0.44178 0.0397266 -2.45423 -0.02 1.11759e-10 0.02 -0.296949 0.609028 -0.735463
363 0.439525 0.0311631 -2.46271 -0.015 -0.01 0.015 -0.18285 0.639668 -0.746586
364 0.437607 0.0228143 -2.47147 0.02 -0.02 0.015 -0.242427 0.713697 -0.657165
365 0.436445 0.0148323 -2.48032 -0.02 -0.01 -0.005 -0.336062 0.66571 -0.666252
366 0.435773 0.0071907 -2.48962 -0.02 -0.02 0.005 -0.28276 0.645426 -0.709558
367 0.435466 0.000437021 -2.49792 -0.02 0.005 -0.01 -0.199296 0.747961 -0.633116
368 0.438742 -0.00937772 -2.51494 0.015 -0.015 0.015 -0.328703 0.765545 -0.553078
369 0.441832 -0.012571 -2.52277 -0.02 -0.005 -0.02 -0.328989 0.747132 -0.577547
370 0.44591 -0.0144506 -2.52964 0.02 0.02 0.02 -0.294529 0.765096 -0.572609
371 0.45055 -0.0153404 -2.53567 -0.01 -0.015 -0.02 -0.322185 0.748108 -0.580114
372 0.456027 -0.0153614 -2.54148 0.005 -0.02 1.11759e-10 -0.39236 0.758409 -0.520451
373 0.460973 -0.0146356 -2.54505 0.015 -0.005 0.01 -0.302252 0.779883 -0.548111
374 0.465778 -0.0134774 -2.54807 -0.02 0.01 0.015 -0.324681 0.766695 -0.553861
375 0.469674 -0.0120913 -2.54985 0.01 0.015 -0.005 -0.404766 0.763553 -0.503142
376 0.472838 -0.0104028 -2.55083 0.005 0.005 0.01 -0.356969 0.801077 -0.480467
377 0.474727 -0.0088985 -2.5507 -0.005 0.005 0.005 -0.297987 0.761869 -0.575116
378 0.475661 -0.0076136 -2.54975 0.02 1.11759e-10 0.01 -0.352022 0.729737 -0.586144
379 0.475761 -0.0064379 -2.54831 -0.015 -0.015 -0.02 -0.411011 0.748241 -0.520775
380 0.47506 -0.00559247 -2.54637 -0.005 0.01 0.005 -0.38604 0.770577 -0.507133
381 0.473715 -0.00486016 -2.54411 0.01 -0.01 -0.005 -0.395191 0.711178 -0.581421
382 0.471931 -0.00438535 -2.54185 0.015 0.01 0.01 -0.325841 0.751951 -0.57306
383 0.47023 -0.00413632 -2.54015 0.015 -0.005 0.015 -0.359486 0.736425 -0.573103
384 0.468603 -0.00386226 -2.53851 -0.005 -0.015 0.02 -0.372737 0.811505 -0.450029
385 0.467173 -0.00338364 -2.53745 -0.01 -0.015 -0.01 -0.337255 0.734819 -0.588472
386 0.465744 -0.00323993 -2.53579 -0.01 -0.015 0.01 -0.346027 0.734732 -0.583468
387 0.464859 -0.00288558 -2.53501 -0.015 0.005 -0.015 -0.421444 0.691731 -0.586424
388 0.464475 -0.0025779 -2.53469 -0.015 -0.015 -0.01 -0.340178 0.697201 -0.631023
389 0.463857 -0.00176984 -2.53421 0.02 0.015 -0.015 -0.331969 0.778805 -0.532221
390 0.463193 -0.000655174 -2.5339 -0.01 -0.015 0.015 -0.331444 0.777276 -0.534777
391 0.462339 0.000602365 -2.53349 0.02 -0.01 -0.02 -0.339641 0.714579 -0.611572
392 0.46152 0.0021683 -2.53327 0.005 1.11759e-10 -0.015 -0.360719 0.727161 -0.584054
393 0.459736 0.00346994 -2.53182 -0.015 -0.005 1.11759e-10 -0.404674 0.690273 -0.599801
