0.01 4521
0.0099 4529
0.0098 4521
0.0097 4351
0.0096 4340
0.0095 4287
0.0094 4143
0.0093 4181
0.0092 3957
0.0091 3782
0.009 3586
0.0089 3519
0.0088 3013
0.0087 3123
0.0086 2987
0.0085 2592
0.0084 2663
0.0083 2032
0.0082 2099
0.0081 1969
0.008 1601
0.0079 1443
0.0078 1793
0.0077 1358
0.0076 1271
0.0075 1024
0.0074 947
0.0073 873
0.0072 794
0.0071 702
0.007 669
0.0069 662
0.0068 613
0.0067 619
0.0066 601
0.0065 591
0.0064 588
0.0063 575
0.0062 569
0.0061 572
0.006 574
0.0059 570
0.0058 567
0.0057 568
0.0056 572
0.0055 579
0.0054 578
0.0053 576
0.0052 584
0.0051 588
0.005 593
0.0049 601
0.0048 602
0.0047 592
0.0046 598
0.0045 614
0.0044 607
0.0043 609
0.0042 623
0.0041 625
0.004 622
0.0039 626
0.0038 639
0.0037 631
0.0036 650
0.0035 650
0.0034 662
0.0033 664
0.0032 669
0.0031 679
0.003 691
0.0029 699
0.0028 722
0.0027 715
0.0026 722
0.0025 745
0.0024 766
0.0023 788
0.0022 792
0.0021 807
0.002 819
0.0019 836
0.0018 854
0.0017 884
0.0016 912
0.0015 950
0.0014 1007
0.0013 1030
0.0012 1069
0.0011 1148
0.001 1213
0.0009 1304
0.0008 1442
0.0007 1550
0.0006 1729
0.0005 2021
0.0004 2379
0.0003 3035
0.0002 4011
0.0001 4389
