0 -0.336225 -0.0331922 -2.53965 -0.005 -0.01 -0.02 0.134232 0.738589 -0.660657
1 -0.306677 -0.0349751 -2.53729 -0.015 -0.015 0.005 0.197663 0.722709 -0.662284
2 -0.292374 -0.036466 -2.53681 -0.005 1.11759e-10 -0.005 0.237029 0.697596 -0.676149
3 -0.278829 -0.0378082 -2.537 0.02 0.015 0.01 0.161845 0.686539 -0.708852
4 -0.266758 -0.0396608 -2.53822 0.015 0.02 -0.02 0.165759 0.714508 -0.679707
5 -0.255721 -0.0414808 -2.54006 -0.005 -0.015 -0.02 0.142171 0.701761 -0.698082
6 -0.246234 -0.0433719 -2.54221 0.02 -0.02 0.005 0.182138 0.732569 -0.655872
7 -0.238349 -0.0451109 -2.54497 -0.015 0.01 -0.015 0.195971 0.691497 -0.695289
8 -0.232136 -0.0466487 -2.54833 1.11759e-10 0.015 1.11759e-10 0.263878 0.736742 -0.622559
9 -0.22759 -0.0475502 -2.55223 0.005 0.005 0.005 0.207993 0.694312 -0.688962
10 -0.224524 -0.0479586 -2.55632 0.01 -0.015 1.11759e-10 0.203678 0.735038 -0.64671
11 -0.223081 -0.0479459 -2.5603 0.02 0.015 -0.005 0.187429 0.747036 -0.637814
12 -0.223834 -0.0479493 -2.5638 0.015 -0.02 -0.015 0.242591 0.657416 -0.71341
13 -0.227626 -0.0465844 -2.56691 0.015 -0.01 -0.005 0.236181 0.728732 -0.642782
14 -0.235838 -0.044553 -2.57172 0.02 -0.02 0.015 0.275275 0.727296 -0.6287
15 -0.247041 -0.0413479 -2.57774 0.02 -0.015 0.01 0.282853 0.729144 -0.623172
16 -0.261709 -0.036128 -2.58408 -0.005 1.11759e-10 0.005 0.332863 0.755602 -0.564153
17 -0.277499 -0.0292664 -2.59003 -0.02 -0.02 1.11759e-10 0.360027 0.642717 -0.676237
18 -0.293121 -0.0219523 -2.59578 0.02 0.015 1.11759e-10 0.434077 0.683897 -0.586397
19 -0.30712 -0.0146341 -2.60144 -0.01 -0.01 0.01 0.366322 0.686363 -0.628263
20 -0.319094 -0.00846648 -2.607 -0.005 -0.01 -0.015 0.468903 0.582567 -0.663887
21 -0.328574 -0.00394809 -2.61127 1.11759e-10 1.11759e-10 -0.02 0.399833 0.580292 -0.709503
22 -0.335701 -0.000794888 -2.61452 -0.005 -0.01 -0.015 0.565104 0.577051 -0.589635
23 -0.340175 0.00123036 -2.61634 1.11759e-10 -0.005 0.015 0.384261 0.640389 -0.665015
24 -0.343488 0.00220817 -2.61681 -0.015 0.02 1.11759e-10 0.535479 0.644604 -0.545663
25 -0.345434 0.00335371 -2.61626 0.01 -0.015 -0.01 0.477116 0.648276 -0.59338
26 -0.346913 0.00356972 -2.61548 1.11759e-10 -0.005 0.01 0.501719 0.585454 -0.636806
27 -0.347903 0.00358415 -2.61437 -0.015 0.02 0.015 0.58731 0.607478 -0.534825
28 -0.349021 0.00344115 -2.61284 -0.005 0.01 -0.02 0.456796 0.630596 -0.627444
29 -0.349411 0.00344992 -2.61074 -0.005 -0.015 0.02 0.498298 0.603063 -0.622908
30 -0.350081 0.00325775 -2.60894 -0.015 0.005 1.11759e-10 0.436424 0.596213 -0.673843
31 -0.350406 0.0031811 -2.60689 1.11759e-10 -0.02 0.005 0.501486 0.588921 -0.633786
32 -0.350604 0.00302273 -2.6047 -0.02 -0.02 -0.015 0.524775 0.653631 -0.545323
33 -0.351238 0.00337857 -2.60251 -0.02 1.11759e-10 0.02 0.444595 0.570106 -0.690879
34 -0.351204 0.00313759 -2.59822 0.02 -0.02 1.11759e-10 0.311781 0.715369 -0.625332
35 -0.353868 0.00509745 -2.59786 -0.02 0.01 1.11759e-10 0.459485 0.632688 -0.623362
36 -0.354401 0.00520295 -2.59398 0.015 -0.015 0.02 0.317738 0.650205 -0.690127
37 -0.355462 0.00640613 -2.59213 -0.005 -0.015 -0.015 0.475462 0.688049 -0.548202
38 -0.356274 0.00730002 -2.59093 0.005 -0.02 -0.02 0.47121 0.528657 -0.706033
39 -0.356337 0.00818187 -2.58994 -0.01 -0.02 -0.015 0.397119 0.661864 -0.635793
40 -0.355825 0.0084399 -2.58905 0.01 1.11759e-10 0.01 0.425668 0.565116 -0.706718
41 -0.354754 0.00873935 -2.58843 0.015 -0.01 -0.02 0.415667 0.633088 -0.653009
42 -0.353083 0.00824481 -2.58739 -0.01 -0.02 0.01 0.478512 0.603523 -0.637799
43 -0.350774 0.00785971 -2.58646 0.02 0.01 0.02 0.457386 0.540284 -0.706322
44 -0.347962 0.00704497 -2.58557 1.11759e-10 -0.02 -0.01 0.426447 0.544458 -0.722294
45 -0.344133 0.00636411 -2.58491 1.11759e-10 -0.015 0.015 0.336554 0.717914 -0.60937
46 -0.339586 0.00540012 -2.58426 -0.02 0.005 0.02 0.422594 0.581599 -0.695094
47 -0.334117 0.00465679 -2.58366 0.015 -0.015 -0.01 0.373022 0.635819 -0.675714
48 -0.328182 0.0036968 -2.58274 0.01 0.005 0.02 0.374927 0.646414 -0.664513
49 -0.321861 0.0033288 -2.58224 0.02 -0.02 0.01 0.375294 0.66722 -0.643406
50 -0.315423 0.00252676 -2.58184 -0.005 -0.005 0.015 0.393979 0.716157 -0.576107
51 -0.308516 0.00227046 -2.58213 0.015 -0.02 -0.005 0.44262 0.604788 -0.662057
52 -0.301361 0.00199091 -2.58226 -0.015 -0.015 1.11759e-10 0.388009 0.625421 -0.676977
53 -0.295168 0.00295758 -2.58488 -0.015 -0.01 0.005 0.431728 0.564562 -0.703478
54 -0.288726 0.00371563 -2.58726 1.11759e-10 -0.02 0.005 0.38475 0.633546 -0.671258
55 -0.282316 0.00456893 -2.59007 0.02 1.11759e-10 0.01 0.468911 0.566289 -0.67782
56 -0.276605 0.00548363 -2.59409 0.01 -0.015 -0.015 0.355059 0.670076 -0.651867
57 -0.270603 0.00643229 -2.59897 -0.005 -0.01 1.11759e-10 0.496913 0.621362 -0.605794
58 -0.264692 0.00711316 -2.60503 1.11759e-10 1.11759e-10 0.02 0.430615 0.676687 -0.597215
59 -0.25882 0.00770336 -2.61175 0.015 -0.01 0.01 0.457674 0.619375 -0.637895
60 -0.253812 0.00776672 -2.6188 -0.01 -0.01 0.005 0.450825 0.593054 -0.667115
61 -0.249224 0.00778514 -2.62591 -0.005 0.02 -0.02 0.513746 0.593018 -0.619996
62 -0.245655 0.00745511 -2.63324 -0.005 -0.01 0.005 0.500705 0.608078 -0.616065
63 -0.242811 0.00725865 -2.64053 0.01 0.005 -0.01 0.566775 0.596677 -0.568104
64 -0.239499 0.00796437 -2.64743 0.01 -0.02 0.005 0.51198 0.648502 -0.563313
65 -0.238797 0.00752199 -2.65418 -0.01 -0.005 -0.02 0.370021 0.559431 -0.741702
66 -0.236926 0.00769383 -2.66104 -0.02 1.11759e-10 1.11759e-10 0.459631 0.723505 -0.515053
67 -0.2364 0.007164 -2.66745 0.01 0.015 0.01 0.411909 0.697186 -0.586739
68 -0.239466 -0.000435531 -2.68042 1.11759e-10 -0.01 0.02 0.529765 0.60009 -0.599367
69 -0.235273 0.00503087 -2.67984 -0.01 0.01 0.02 0.459704 0.666836 -0.586517
70 -0.234905 0.00313574 -2.68534 -0.015 -0.02 -0.02 0.503244 0.724833 -0.470493
71 -0.23411 0.00130856 -2.68986 -0.01 -0.01 0.01 0.394739 0.622015 -0.676224
72 -0.233391 -0.000422835 -2.69365 0.02 1.11759e-10 0.01 0.569182 0.335591 -0.750607
73 -0.232765 -0.00158834 -2.6959 -0.01 -0.02 -0.015 0.548833 0.627004 -0.552855
74 -0.232608 -0.0021143 -2.69691 0.015 -0.015 0.005 0.339098 0.748611 -0.569731
75 -0.232633 -0.00194287 -2.6967 0.01 0.02 1.11759e-10 0.626661 0.51792 -0.582284
76 -0.233088 -0.000854611 -2.69546 -0.015 -0.01 -0.01 0.337879 0.850358 -0.403398
77 -0.234138 0.000976443 -2.6933 1.11759e-10 -0.005 -0.005 0.567324 0.565748 -0.598392
78 -0.235681 0.00317287 -2.69079 -0.015 -0.02 1.11759e-10 0.683463 0.372147 -0.628001
79 -0.23754 0.00548118 -2.68781 -0.005 0.02 0.01 0.366789 0.663929 -0.651662
80 -0.239736 0.00753206 -2.68502 0.005 0.005 0.02 0.303975 0.429476 -0.850382
81 -0.241895 0.00905824 -2.68211 -0.015 -0.015 -0.005 0.342629 0.773198 -0.533639
82 -0.244042 0.00981873 -2.67968 0.005 -0.02 0.02 0.430884 0.70982 -0.55722
83 -0.246296 0.00998813 -2.67729 0.01 -0.015 0.015 0.44481 0.50297 -0.741056
84 -0.248928 0.0094406 -2.6753 -0.02 -0.01 -0.015 0.180629 0.733019 -0.655787
85 -0.251902 0.0085237 -2.67324 0.01 0.005 -0.015 0.599327 0.495018 -0.629098
86 -0.255906 0.00553584 -2.6731 1.11759e-10 0.015 -0.015 0.323712 0.565041 -0.758907
87 -0.260076 0.00596917 -2.66875 0.005 -0.015 0.02 0.446486 0.499024 -0.742715
88 -0.265932 0.00440663 -2.66617 0.005 0.015 -0.005 0.521155 0.573874 -0.631717
89 -0.271956 0.00267982 -2.66293 -0.015 -0.02 0.015 0.447969 0.561443 -0.695777
90 -0.279807 0.000899434 -2.65823 0.005 0.015 0.01 0.522767 0.539411 -0.660115
91 -0.289175 -0.000583649 -2.65336 0.005 -0.015 -0.01 0.435606 0.537033 -0.722387
92 -0.298922 -0.00251609 -2.64658 -0.015 0.005 0.01 0.41344 0.677699 -0.608104
93 -0.309166 -0.00433731 -2.63871 0.015 0.005 -0.015 0.44455 0.696584 -0.563157
94 -0.320494 -0.0065766 -2.62977 -0.015 -0.01 0.005 0.411086 0.561951 -0.717788
95 -0.332294 -0.00859272 -2.62022 1.11759e-10 -0.01 0.02 0.342781 0.575334 -0.742625
96 -0.34451 -0.0106845 -2.61042 0.02 1.11759e-10 0.01 0.366897 0.705669 -0.60615
97 -0.357 -0.0120798 -2.60055 0.01 0.02 1.11759e-10 0.507102 0.569059 -0.647317
98 -0.369763 -0.0130835 -2.59169 1.11759e-10 1.11759e-10 -0.005 0.31399 0.597892 -0.73752
99 -0.382434 -0.013551 -2.58414 -0.01 0.005 -0.005 0.437391 0.547222 -0.713609
