0 -0.320017 -0.0633264 -2.60486 0.01 0.015 1.11759e-10 0.276177 0.715086 -0.642167
1 -0.333418 -0.0637868 -2.60868 0.015 -0.01 -0.005 0.328315 0.735062 -0.593206
2 -0.333418 -0.0637868 -2.60868 -0.015 -0.02 1.11759e-10 0.213365 0.800762 -0.559693
3 -0.340512 -0.0641779 -2.61036 1.11759e-10 0.01 0.01 0.220697 0.800366 -0.557411
4 -0.354578 -0.0650709 -2.6126 -0.005 -0.005 1.11759e-10 0.401385 0.792712 -0.4588
5 -0.354578 -0.0650709 -2.6126 0.015 0.02 1.11759e-10 0.356492 0.683081 -0.637427
6 -0.361387 -0.0657067 -2.61331 0.01 -0.005 0.005 0.353794 0.732998 -0.580985
7 -0.37341 -0.0674525 -2.61388 0.015 -0.005 0.005 0.295837 0.732956 -0.612582
8 -0.37341 -0.0674525 -2.61388 -0.015 0.015 0.02 0.363081 0.756214 -0.544346
9 -0.378591 -0.0681525 -2.61375 0.015 0.01 0.005 0.349093 0.727432 -0.590743
10 -0.387156 -0.0690045 -2.61362 0.02 1.11759e-10 0.005 0.352734 0.710318 -0.60912
11 -0.390587 -0.0689906 -2.61339 1.11759e-10 0.005 1.11759e-10 0.251997 0.791205 -0.557218
12 -0.393482 -0.0687857 -2.61299 1.11759e-10 0.005 1.11759e-10 0.298235 0.748161 -0.592715
13 -0.395786 -0.0683793 -2.61246 0.01 -0.015 0.005 0.308226 0.787296 -0.534006
14 -0.397477 -0.0679153 -2.61172 0.02 0.015 -0.01 0.42724 0.670335 -0.606726
15 -0.398737 -0.0673627 -2.61107 -0.005 -0.005 0.02 0.298554 0.735336 -0.608396
16 -0.399312 -0.0666435 -2.6104 0.02 1.11759e-10 0.02 0.314777 0.772148 -0.551999
17 -0.399268 -0.0657702 -2.60992 0.015 -0.01 0.01 0.337556 0.783211 -0.522146
18 -0.398535 -0.0644929 -2.60934 1.11759e-10 0.005 0.02 0.315843 0.788097 -0.528342
19 -0.397447 -0.0631305 -2.6088 0.02 0.005 1.11759e-10 0.320218 0.723683 -0.611346
20 -0.395929 -0.061754 -2.60831 -0.02 -0.02 -0.01 0.293452 0.737577 -0.608166
21 -0.394294 -0.0603012 -2.60784 0.01 -0.005 -0.02 0.385396 0.709498 -0.589985
22 -0.392334 -0.0587873 -2.60754 0.01 0.015 0.015 0.396875 0.758719 -0.516561
23 -0.3902 -0.0574299 -2.60741 -0.01 -0.005 -0.02 0.368775 0.71499 -0.593965
24 -0.387839 -0.056088 -2.60736 -0.005 0.02 -0.02 0.287537 0.773404 -0.56495
25 -0.385673 -0.055093 -2.60768 0.005 0.01 0.005 0.414799 0.710427 -0.568538
26 -0.383266 -0.054306 -2.60808 -0.005 -0.005 0.02 0.328523 0.747152 -0.577787
27 -0.381169 -0.0535827 -2.60847 0.015 0.01 0.015 0.246333 0.778904 -0.57674
28 -0.379516 -0.0527574 -2.60884 -0.005 -0.02 -0.02 0.340696 0.686831 -0.64202
29 -0.378109 -0.0519458 -2.60925 0.01 -0.005 0.015 0.326808 0.724802 -0.606514
30 -0.377077 -0.0510077 -2.60975 0.01 1.11759e-10 0.01 0.302898 0.737832 -0.603205
31 -0.376573 -0.0499501 -2.60993 0.01 0.02 0.005 0.38236 0.700395 -0.6027
32 -0.37661 -0.0490717 -2.61003 0.015 0.005 0.005 0.348388 0.73727 -0.578843
33 -0.376871 -0.0483022 -2.60999 -0.005 -0.01 0.02 0.377973 0.689635 -0.617689
34 -0.377767 -0.0475167 -2.6103 0.015 0.01 1.11759e-10 0.336376 0.737889 -0.585125
35 -0.37873 -0.0467264 -2.61072 -0.02 -0.02 0.02 0.393434 0.73249 -0.555579
36 -0.380299 -0.0462266 -2.61137 0.005 -0.02 -0.02 0.481996 0.684065 -0.547481
37 -0.382057 -0.0462226 -2.61207 -0.015 0.005 -0.01 0.302981 0.798817 -0.519705
38 -0.384222 -0.0465457 -2.61298 -0.015 0.015 0.005 0.363674 0.764949 -0.531597
39 -0.386533 -0.0470294 -2.6138 0.02 0.005 0.01 0.373277 0.750768 -0.544987
40 -0.389198 -0.047643 -2.61472 0.01 0.01 0.02 0.463296 0.751608 -0.469512
41 -0.391885 -0.0483386 -2.61565 0.015 -0.005 -0.02 0.354518 0.715015 -0.602553
42 -0.394369 -0.0490276 -2.61661 0.01 -0.02 0.015 0.3361 0.675117 -0.656699
43 -0.396548 -0.049871 -2.61747 0.01 -0.015 0.02 0.376229 0.600326 -0.705734
44 -0.398634 -0.0510817 -2.61809 0.02 -0.01 0.01 0.42776 0.759848 -0.489542
45 -0.400652 -0.0529196 -2.61826 1.11759e-10 -0.02 1.11759e-10 0.399046 0.770772 -0.496662
46 -0.402624 -0.0555045 -2.61838 0.005 0.015 0.015 0.334537 0.721833 -0.60584
47 -0.403996 -0.05887 -2.6182 0.005 -0.01 -0.02 0.425313 0.699183 -0.574675
48 -0.40509 -0.0626745 -2.61766 -0.015 -0.01 -0.015 0.433326 0.694238 -0.574685
49 -0.406071 -0.06703 -2.61716 -0.02 -0.005 0.01 0.46211 0.718195 -0.520241
50 -0.406369 -0.0715761 -2.61627 0.01 -0.01 0.005 0.465652 0.627368 -0.624162
51 -0.406626 -0.0765014 -2.61541 0.005 -0.01 -0.02 0.397602 0.732218 -0.552964
52 -0.406606 -0.0813658 -2.61414 -0.005 0.01 0.005 0.499598 0.697172 -0.514152
53 -0.406256 -0.0863295 -2.61286 0.02 -0.015 -0.005 0.442558 0.673408 -0.592169
54 -0.405589 -0.0911481 -2.61158 0.015 -0.02 0.005 0.410947 0.697643 -0.58687
55 -0.405078 -0.0960461 -2.61012 -0.02 0.02 0.02 0.387328 0.763682 -0.516495
56 -0.404632 -0.100706 -2.60847 -0.01 -0.02 0.02 0.481514 0.660316 -0.576304
57 -0.404686 -0.105462 -2.60703 0.02 0.015 0.015 0.481813 0.705035 -0.520367
58 -0.404703 -0.10989 -2.60506 0.01 -0.01 -0.02 0.447985 0.72044 -0.529411
59 -0.405331 -0.114444 -2.60274 0.015 -0.02 -0.02 0.40826 0.702319 -0.583157
60 -0.405848 -0.118878 -2.59976 0.01 0.015 1.11759e-10 0.403077 0.723186 -0.56083
61 -0.407146 -0.123527 -2.59669 -0.02 -0.01 0.005 0.468656 0.71899 -0.51324
62 -0.40827 -0.127699 -2.59341 -0.005 1.11759e-10 -0.01 0.483347 0.71368 -0.506988
63 -0.409607 -0.131712 -2.58994 0.015 1.11759e-10 0.02 0.420069 0.6998 -0.577773
64 -0.410862 -0.135429 -2.58617 0.02 -0.005 0.01 0.5966 0.656719 -0.46129
65 -0.412777 -0.138972 -2.58205 -0.01 -0.015 0.02 0.444941 0.698844 -0.560039
66 -0.414723 -0.142229 -2.57811 -0.005 -0.02 0.01 0.434504 0.784912 -0.441723
67 -0.417338 -0.145473 -2.57439 0.005 -0.005 0.02 0.506062 0.696595 -0.508582
68 -0.419884 -0.148416 -2.5708 0.015 -0.005 0.02 0.413358 0.730567 -0.543513
69 -0.423302 -0.151386 -2.56755 -0.005 -0.01 0.015 0.519134 0.702427 -0.486925
70 -0.426646 -0.154224 -2.56452 0.01 -0.005 0.015 0.466367 0.638334 -0.612398
71 -0.430496 -0.157114 -2.56196 0.015 0.005 0.01 0.498877 0.715288 -0.489371
72 -0.433903 -0.159797 -2.55928 -0.005 0.005 -0.01 0.504032 0.658341 -0.559051
73 -0.43781 -0.163013 -2.55746 -0.02 0.005 -0.005 0.498789 0.730296 -0.466772
74 -0.441259 -0.166289 -2.55538 0.005 -0.02 -0.015 0.495613 0.726937 -0.475322
75 -0.444823 -0.170046 -2.55354 -0.005 -0.015 -0.02 0.519894 0.69503 -0.496632
76 -0.448085 -0.174139 -2.55163 -0.01 -0.01 -0.005 0.527653 0.752454 -0.394201
77 -0.450858 -0.17879 -2.54947 0.01 0.01 -0.015 0.494843 0.68459 -0.535226
78 -0.453196 -0.183554 -2.5469 0.01 -0.01 0.02 0.475724 0.736083 -0.481527
79 -0.455258 -0.188773 -2.54422 1.11759e-10 -0.015 0.015 0.518626 0.655456 -0.549004
80 -0.456672 -0.194299 -2.54096 0.01 1.11759e-10 0.015 0.521817 0.715549 -0.464432
81 -0.457819 -0.200344 -2.53743 0.01 -0.01 1.11759e-10 0.513892 0.648563 -0.561498
82 -0.458585 -0.206796 -2.53359 0.01 0.005 -0.005 0.609432 0.688478 -0.393181
83 -0.459122 -0.21351 -2.52972 0.02 -0.005 1.11759e-10 0.541542 0.723729 -0.427725
84 -0.459278 -0.220326 -2.52561 1.11759e-10 1.11759e-10 0.01 0.539115 0.694685 -0.476201
85 -0.459302 -0.227166 -2.52281 0.02 -0.01 -0.005 0.486843 0.688125 -0.538022
86 -0.459436 -0.234224 -2.51795 0.02 -0.02 -0.02 0.563635 0.710014 -0.422132
87 -0.459809 -0.241404 -2.51331 0.02 -0.015 0.01 0.564081 0.633415 -0.529715
88 -0.460104 -0.248461 -2.50864 -0.02 -0.015 -0.01 0.527087 0.714222 -0.460507
89 -0.460829 -0.255509 -2.50402 1.11759e-10 -0.015 0.005 0.57804 0.75798 -0.302221
90 -0.461641 -0.262284 -2.49921 1.11759e-10 -0.005 0.015 0.563845 0.703323 -0.432916
91 -0.462637 -0.269672 -2.4912 0.01 -0.02 -0.015 0.57223 0.69212 -0.439913
92 -0.463081 -0.275991 -2.48709 -0.01 1.11759e-10 0.01 0.496115 0.704567 -0.5074
93 -0.463205 -0.282108 -2.48306 -0.005 -0.02 0.02 0.530425 0.719032 -0.449046
94 -0.462775 -0.287952 -2.47939 0.01 -0.005 0.005 0.544164 0.700232 -0.462126
95 -0.462412 -0.293744 -2.4763 0.005 -0.01 1.11759e-10 0.544431 0.708369 -0.44923
96 -0.461913 -0.299428 -2.47358 -0.015 -0.005 1.11759e-10 0.551141 0.691231 -0.467379
97 -0.461656 -0.305028 -2.47129 -0.015 -0.01 0.02 0.571184 0.700537 -0.42778
98 -0.461224 -0.309925 -2.46973 -0.01 -0.02 -0.02 0.59405 0.699577 -0.397111
99 -0.460418 -0.314597 -2.46872 0.015 -0.01 0.01 0.490192 0.711165 -0.503941
100 -0.459513 -0.318135 -2.46806 0.02 1.11759e-10 0.02 0.57563 0.716634 -0.393809
101 -0.458842 -0.321009 -2.46837 0.005 -0.015 1.11759e-10 0.600364 0.699034 -0.388477
102 -0.456747 -0.323777 -2.46782 0.015 -0.005 0.02 0.537065 0.725105 -0.431026
103 -0.456856 -0.32485 -2.46949 0.01 0.01 0.02 0.586143 0.723786 -0.364102
104 -0.456461 -0.325628 -2.47192 0.01 -0.01 1.11759e-10 0.553517 0.716395 -0.424732
105 -0.455454 -0.326384 -2.47256 0.015 0.005 0.015 0.512228 0.763159 -0.393969
106 -0.454778 -0.326744 -2.47397 1.11759e-10 0.005 1.11759e-10 0.598349 0.694732 -0.399157
107 -0.454106 -0.326862 -2.47541 1.11759e-10 0.01 0.005 0.543263 0.767523 -0.340255
108 -0.453221 -0.326688 -2.47659 0.02 0.005 -0.01 0.581891 0.682446 -0.442345
109 -0.452122 -0.32671 -2.47715 -0.015 -0.015 -0.01 0.615475 0.678989 -0.400204
110 -0.451873 -0.326047 -2.47894 0.02 -0.015 -0.005 0.547489 0.757242 -0.356146
111 -0.451681 -0.325581 -2.47977 0.01 -0.02 0.02 0.575899 0.733341 -0.361319
112 -0.451011 -0.325275 -2.47969 0.01 -0.01 0.02 0.563171 0.713161 -0.41742
113 -0.450912 -0.324889 -2.47979 -0.005 -0.02 0.005 0.654623 0.661543 -0.365828
114 -0.447234 -0.326104 -2.47568 -0.015 1.11759e-10 -0.01 0.539634 0.704642 -0.460734
115 -0.449799 -0.324471 -2.4793 0.01 1.11759e-10 -0.015 0.463165 0.757185 -0.460597
116 -0.449981 -0.324005 -2.48015 0.02 1.11759e-10 1.11759e-10 0.517559 0.713706 -0.471972
117 -0.450069 -0.323964 -2.48058 0.005 0.005 -0.01 0.507969 0.748687 -0.425953
118 -0.450142 -0.323622 -2.48132 0.015 -0.01 -0.015 0.587467 0.67574 -0.445262
119 -0.449108 -0.323808 -2.48083 0.02 -0.02 0.02 0.517767 0.73672 -0.434927
120 -0.449742 -0.322912 -2.48305 -0.015 -0.015 0.005 0.570192 0.694349 -0.439046
121 -0.449013 -0.322217 -2.48355 -0.01 -0.02 1.11759e-10 0.623015 0.693684 -0.361462
122 -0.44866 -0.321089 -2.48487 0.01 0.02 -0.005 0.560311 0.715548 -0.417184
123 -0.448565 -0.319758 -2.48675 0.02 0.005 -0.005 0.540453 0.786467 -0.298966
124 -0.448071 -0.317671 -2.48874 -0.015 0.01 0.01 0.55841 0.712427 -0.425001
125 -0.448078 -0.315194 -2.49101 -0.01 0.02 0.02 0.584027 0.659052 -0.473881
126 -0.448034 -0.311925 -2.49326 -0.005 1.11759e-10 0.015 0.515982 0.731955 -0.444976
127 -0.448337 -0.30811 -2.49585 0.01 -0.01 -0.02 0.557077 0.716802 -0.419356
128 -0.448766 -0.303949 -2.49838 -0.015 -0.02 -0.01 0.506972 0.73884 -0.443954
129 -0.449225 -0.299109 -2.50072 -0.01 -0.005 0.015 0.618672 0.690803 -0.374214
130 -0.450013 -0.293944 -2.50263 0.015 0.01 0.015 0.562841 0.684379 -0.463503
131 -0.450669 -0.288029 -2.50501 -0.01 -0.015 0.015 0.549024 0.703818 -0.450792
132 -0.451075 -0.282041 -2.50685 -0.005 0.02 -0.01 0.518072 0.766205 -0.380173
133 -0.451554 -0.275606 -2.50863 0.015 -0.01 0.015 0.630023 0.618383 -0.469759
134 -0.451885 -0.26922 -2.51078 -0.01 0.015 -0.01 0.503609 0.757866 -0.41475
135 -0.446471 -0.269667 -2.49023 0.015 0.02 0.02 0.502006 0.7052 -0.500683
136 -0.450993 -0.247838 -2.52549 1.11759e-10 -0.02 1.11759e-10 0.557948 0.76136 -0.330189
137 -0.45089 -0.241397 -2.52717 -0.015 0.01 0.005 0.588607 0.688196 -0.42418
138 -0.451024 -0.234439 -2.53005 -0.005 1.11759e-10 0.015 0.504984 0.711301 -0.488919
139 -0.45008 -0.227722 -2.53116 0.01 0.01 0.01 0.577464 0.624679 -0.525654
140 -0.449434 -0.220445 -2.53366 1.11759e-10 -0.01 -0.015 0.607798 0.733871 -0.303339
141 -0.448662 -0.213288 -2.53597 1.11759e-10 -0.02 -0.01 0.479852 0.74347 -0.465826
142 -0.447955 -0.206332 -2.5386 0.01 -0.02 0.01 0.63921 0.65052 -0.410164
143 -0.447043 -0.199344 -2.5412 -0.005 -0.015 -0.02 0.586434 0.688399 -0.426852
144 -0.446321 -0.192615 -2.54449 1.11759e-10 1.11759e-10 -0.015 0.504322 0.652499 -0.565601
145 -0.445266 -0.185978 -2.54752 -0.01 -0.015 0.005 0.514348 0.658062 -0.549909
146 -0.444235 -0.179479 -2.55085 -0.01 -0.015 -0.02 0.607523 0.643312 -0.465902
147 -0.442829 -0.173104 -2.55407 1.11759e-10 -0.015 1.11759e-10 0.513836 0.685423 -0.515915
148 -0.441508 -0.166886 -2.55761 -0.01 0.005 0.015 0.526393 0.69808 -0.485381
149 -0.439272 -0.160491 -2.56065 0.005 -0.005 1.11759e-10 0.510567 0.688044 -0.515671
150 -0.437877 -0.15459 -2.56455 0.01 -0.005 0.02 0.496781 0.710737 -0.498058
151 -0.435858 -0.14861 -2.568 -0.02 0.01 0.01 0.543383 0.71215 -0.444497
152 -0.434277 -0.142909 -2.57162 1.11759e-10 0.01 -0.01 0.593568 0.6621 -0.457495
153 -0.431936 -0.137002 -2.57489 -0.01 0.005 0.01 0.564909 0.645691 -0.513771
154 -0.430527 -0.131357 -2.57875 -0.01 -0.015 0.02 0.482945 0.672897 -0.560334
155 -0.42838 -0.125493 -2.58244 -0.01 -0.01 0.015 0.623156 0.649801 -0.435241
156 -0.426362 -0.119633 -2.58584 -0.015 -0.02 0.015 0.514439 0.671794 -0.532959
157 -0.424554 -0.113884 -2.58933 -0.005 1.11759e-10 0.01 0.523404 0.661946 -0.536541
158 -0.422944 -0.10843 -2.5928 1.11759e-10 -0.01 -0.01 0.564408 0.678795 -0.469766
159 -0.4211 -0.102552 -2.59621 -0.015 -0.015 0.01 0.505747 0.738788 -0.445434
160 -0.419557 -0.0968207 -2.59964 0.02 -0.015 0.005 0.615652 0.649944 -0.445585
161 -0.417947 -0.0910957 -2.60298 0.02 -0.01 -0.005 0.439462 0.744327 -0.502842
162 -0.416766 -0.0857645 -2.60659 1.11759e-10 -0.02 -0.01 0.550556 0.67066 -0.497094
163 -0.415165 -0.0804473 -2.61 -0.01 -0.01 1.11759e-10 0.537698 0.723974 -0.432137
164 -0.41421 -0.0751078 -2.61383 -0.01 -0.02 -0.015 0.608736 0.638567 -0.470822
165 -0.411726 -0.0702157 -2.61561 0.01 -0.015 -0.005 0.526307 0.732643 -0.43155
166 -0.411764 -0.0641712 -2.62041 1.11759e-10 -0.01 -0.015 0.55132 0.688011 -0.471898
167 -0.410514 -0.0587116 -2.62343 0.02 1.11759e-10 -0.005 0.507655 0.743011 -0.436143
168 -0.409098 -0.0537221 -2.62609 -0.005 -0.01 1.11759e-10 0.602634 0.63693 -0.480783
169 -0.408158 -0.0486367 -2.62891 -0.01 0.01 0.02 0.589958 0.677431 -0.439359
170 -0.40698 -0.0438274 -2.63117 0.01 -0.02 0.015 0.514186 0.706571 -0.486179
171 -0.405834 -0.039402 -2.63291 1.11759e-10 -0.02 -0.02 0.583873 0.723372 -0.368544
172 -0.404711 -0.0348486 -2.63428 0.015 1.11759e-10 -0.02 0.415253 0.682663 -0.601278
173 -0.404117 -0.0301448 -2.6358 -0.01 1.11759e-10 1.11759e-10 0.446992 0.829271 -0.335421
174 -0.403466 -0.025622 -2.63704 0.015 0.005 -0.005 0.584774 0.67259 -0.453501
175 -0.402962 -0.0213435 -2.63782 0.01 -0.005 -0.005 0.482107 0.720523 -0.498416
176 -0.402699 -0.0172149 -2.63847 0.02 -0.015 1.11759e-10 0.633201 0.700258 -0.32969
177 -0.402225 -0.013635 -2.63828 1.11759e-10 1.11759e-10 0.015 0.498174 0.726391 -0.473475
178 -0.40193 -0.0101886 -2.63828 -0.01 1.11759e-10 -0.015 0.470557 0.619151 -0.628672
179 -0.401427 -0.007083 -2.63841 0.01 0.015 0.015 0.545188 0.661305 -0.515213
180 -0.4009 -0.00404686 -2.63873 -0.005 0.01 0.005 0.406901 0.712139 -0.572093
181 -0.400184 -0.00160342 -2.6387 -0.01 0.015 0.02 0.567671 0.67399 -0.472744
182 -0.399434 0.000197768 -2.63849 -0.005 -0.02 0.015 0.491674 0.698857 -0.519477
183 -0.398284 0.00124061 -2.63791 -0.01 -0.01 0.015 0.529215 0.671378 -0.518829
184 -0.397468 0.00201142 -2.63808 0.015 -0.015 0.02 0.472043 0.617026 -0.629647
185 -0.396169 0.00187898 -2.63816 0.01 1.11759e-10 -0.02 0.58922 0.551445 -0.590532
186 -0.39419 0.00163114 -2.63814 0.01 -0.02 -0.005 0.602223 0.6192 -0.503903
187 -0.390279 -0.000256598 -2.63609 0.02 -0.015 0.015 0.419268 0.677688 -0.604113
188 -0.389987 -0.000405848 -2.63895 1.11759e-10 -0.02 0.015 0.587613 0.549478 -0.593957
189 -0.385684 -0.00283653 -2.63665 0.02 -0.01 0.005 0.47789 0.69438 -0.538013
190 -0.385993 -0.00345141 -2.63984 0.01 -0.02 0.005 0.486309 0.612909 -0.622773
191 -0.384527 -0.00543118 -2.64038 -0.005 -0.005 1.11759e-10 0.500439 0.660544 -0.559681
192 -0.383273 -0.00734222 -2.64086 -0.01 1.11759e-10 0.015 0.451143 0.587894 -0.671455
193 -0.382724 -0.00951385 -2.64169 -0.005 -0.005 0.01 0.447031 0.69886 -0.558353
194 -0.381963 -0.0109938 -2.64223 0.01 1.11759e-10 0.02 0.575846 0.647406 -0.499266
195 -0.381985 -0.012171 -2.64287 -0.02 0.02 -0.005 0.575384 0.538021 -0.616009
196 -0.382145 -0.012455 -2.64312 1.11759e-10 -0.015 -0.02 0.478407 0.69768 -0.533264
197 -0.383015 -0.0127255 -2.64338 0.02 -0.015 0.005 0.383564 0.773538 -0.504497
198 -0.383851 -0.0124145 -2.64313 0.01 1.11759e-10 1.11759e-10 0.460678 0.720474 -0.518356
199 -0.385048 -0.0122098 -2.64253 0.02 -0.02 -0.02 0.484373 0.658868 -0.575566
200 -0.385795 -0.0116024 -2.64136 -0.005 -0.01 -0.005 0.487088 0.695087 -0.528771
201 -0.386634 -0.0111316 -2.63985 0.02 0.02 0.01 0.475485 0.650168 -0.592617
202 -0.387059 -0.0102054 -2.63772 -0.02 0.02 0.01 0.359713 0.685901 -0.632571
203 -0.387625 -0.00937283 -2.63547 -0.02 1.11759e-10 1.11759e-10 0.502142 0.672075 -0.544214
204 -0.387643 -0.00824094 -2.63294 0.005 -0.015 0.015 0.403368 0.770711 -0.493254
205 -0.388004 -0.00729477 -2.6307 -0.01 -0.02 -0.01 0.486909 0.636588 -0.59806
206 -0.388085 -0.00625956 -2.62841 0.02 -0.02 -0.02 0.458088 0.676269 -0.576902
207 -0.388494 -0.00557822 -2.6265 0.015 0.01 0.02 0.423927 0.639106 -0.641739
208 -0.388894 -0.00483012 -2.62463 0.01 -0.015 0.005 0.537553 0.600457 -0.59202
209 -0.389705 -0.0038631 -2.62259 -0.015 1.11759e-10 -0.01 0.502739 0.674377 -0.540804
210 -0.391041 -0.00204158 -2.62001 0.01 -0.01 0.01 0.489345 0.662259 -0.56741
211 -0.393262 0.000932515 -2.61711 0.01 -0.015 1.11759e-10 0.530718 0.670703 -0.518166
212 -0.395608 0.00473803 -2.61305 -0.02 -0.015 0.02 0.535009 0.55948 -0.633047
213 -0.399358 0.0096662 -2.60956 -0.01 0.005 -0.015 0.444959 0.633772 -0.632728
214 -0.403386 0.0157423 -2.60533 -0.01 0.01 -0.015 0.489865 0.650194 -0.580758
215 -0.407603 0.0223773 -2.60045 0.02 -0.005 0.02 0.54712 0.554253 -0.627267
216 -0.412349 0.0299014 -2.59588 -0.005 -0.01 0.015 0.45306 0.566577 -0.688278
217 -0.414324 0.0365257 -2.58755 -0.02 0.005 0.005 0.52849 0.583925 -0.616223
218 -0.421548 0.0456951 -2.58543 0.02 0.02 0.01 0.602829 0.487575 -0.63156
219 -0.42366 0.0527416 -2.57664 -0.02 1.11759e-10 0.005 0.592844 0.482363 -0.644873
220 -0.428026 0.0617552 -2.57085 0.015 0.005 0.015 0.52317 0.514802 -0.67917
221 -0.431615 0.0712402 -2.56338 0.015 -0.015 0.02 0.556199 0.396167 -0.730544
222 -0.43491 0.0811456 -2.55631 0.015 1.11759e-10 1.11759e-10 0.658876 0.413517 -0.6284
223 -0.437824 0.0916443 -2.5488 0.005 0.02 0.01 0.420729 0.483282 -0.76774
224 -0.440435 0.102803 -2.54124 1.11759e-10 1.11759e-10 0.015 0.531426 0.329754 -0.780288
225 -0.442636 0.11444 -2.53341 -0.02 -0.02 0.015 0.607509 0.316681 -0.728455
226 -0.445721 0.138979 -2.51886 0.02 -0.02 0.015 0.392831 0.311262 -0.865332
227 -0.447292 0.151574 -2.51226 1.11759e-10 -0.02 0.015 0.534959 0.2549 -0.805509
228 -0.453341 0.167198 -2.50954 0.005 0.005 -0.005 0.574341 0.324143 -0.751707
229 -0.454591 0.180138 -2.50377 -0.02 -0.02 1.11759e-10 0.633731 0.0651229 -0.770808
230 -0.45734 0.194046 -2.49947 0.01 0.005 -0.02 0.542364 0.229615 -0.808157
231 -0.45882 0.207748 -2.49471 -0.015 -0.005 0.005 0.573957 0.262477 -0.77568
232 -0.462054 0.222749 -2.49203 -0.02 0.015 1.11759e-10 0.456515 0.328168 -0.826982
233 -0.464753 0.237962 -2.48968 0.02 -0.015 -0.01 0.640619 0.0705408 -0.764612
234 -0.4676 0.253612 -2.48775 0.005 -0.02 -0.02 0.582459 0.0865723 -0.808237
235 -0.47047 0.269481 -2.48647 0.005 0.005 1.11759e-10 0.448723 0.121631 -0.885355
236 -0.472604 0.285142 -2.4855 -0.01 0.005 -0.015 0.624655 0.101628 -0.77426
237 -0.474862 0.301156 -2.48514 -0.01 -0.02 0.015 0.643096 -0.0283626 -0.765261
238 -0.476588 0.317047 -2.48535 -0.02 0.015 0.015 0.658131 -0.116121 -0.743895
239 -0.478097 0.332592 -2.48534 -0.01 -0.02 1.11759e-10 0.539232 -0.0361575 -0.841381
240 -0.479072 0.348072 -2.48625 -0.015 -0.01 0.005 0.492087 -0.20631 -0.845746
241 -0.479367 0.363288 -2.48712 -0.01 1.11759e-10 -0.015 0.510395 -0.126389 -0.850602
242 -0.479462 0.378256 -2.48846 1.11759e-10 0.015 -0.01 0.551375 -0.151612 -0.820365
243 -0.478774 0.393435 -2.49275 -0.005 -0.02 -0.005 0.61804 -0.136336 -0.774235
244 -0.478133 0.408128 -2.49461 0.005 -0.02 0.01 0.604385 -0.280178 -0.745801
245 -0.477641 0.422756 -2.49709 0.005 -0.005 0.02 0.606034 -0.270562 -0.74801
246 -0.477256 0.437244 -2.50007 -0.02 0.01 -0.005 0.531473 -0.19352 -0.824674
247 -0.476417 0.451709 -2.50316 -0.005 -0.02 -0.015 0.620983 -0.325476 -0.713054
248 -0.475064 0.466199 -2.50645 -0.02 -0.02 -0.015 0.974373 -0 -0.22494
249 -0.473665 0.480692 -2.50922 -0.02 0.015 -0.015 0.803847 -0.235306 -0.546316
250 -0.471638 0.495156 -2.51191 -0.015 0.02 0.005 0.761911 -0.409564 -0.501745
251 -0.46973 0.508568 -2.51556 -0.02 0.02 -0.02 0.663221 -0.213214 -0.71741
252 -0.467489 0.521806 -2.51938 -0.015 0.02 0.01 0.502214 -0.340781 -0.794764
253 -0.465158 0.534466 -2.52328 -0.01 0.02 -0.015 0.4077 -0.227238 -0.884389
254 -0.462938 0.546455 -2.5276 -0.02 -0.005 -0.005 0.648052 -0.262663 -0.714868
255 -0.460527 0.558039 -2.53199 -0.02 0.015 0.02 0.629165 -0.303561 -0.715543
256 -0.457927 0.569301 -2.53643 0.01 -0.005 0.005 0.59402 -0.362857 -0.717966
257 -0.455658 0.580282 -2.54134 0.01 0.015 -0.01 -0.0146244 0.0196609 -0.9997
258 -0.452572 0.59176 -2.5459 -0.01 0.02 0.01 0.621304 -0.260439 -0.739021
259 -0.450057 0.603537 -2.55087 -0.005 0.02 0.015 0.539234 -0.486452 -0.687453
260 -0.446958 0.615057 -2.55647 0.015 0.02 0.005 0.0918712 -0.0844685 -0.992182
261 -0.443839 0.625678 -2.56278 -0.02 0.01 0.02 0.546115 -0.411736 -0.729542
262 -0.438983 0.638899 -2.56622 -0.02 0.02 0.005 0.371444 -0.414027 -0.83103
263 -0.435232 0.649668 -2.57194 0.01 0.02 0.01 0.495026 -0.360482 -0.790571
264 -0.431207 0.660625 -2.57775 -0.01 0.005 0.005 0.369636 -0.271015 -0.888775
265 -0.426727 0.671686 -2.5832 0.015 1.11759e-10 0.02 0.365316 -0.505085 -0.781942
266 -0.422269 0.68122 -2.58985 1.11759e-10 0.02 -0.02 0.516004 -0.604882 -0.606513
267 -0.417616 0.690679 -2.59626 -0.01 -0.005 -0.01 0.473599 -0.686167 -0.552159
268 -0.41269 0.700259 -2.60274 0.015 1.11759e-10 -0.01 0.389581 -0.751457 -0.532483
269 -0.407686 0.709562 -2.60933 -0.02 0.005 -0.005 0.42539 -0.677775 -0.599721
270 -0.402294 0.718958 -2.61637 1.11759e-10 -0.02 1.11759e-10 0.480809 -0.499765 -0.720457
271 -0.396767 0.727962 -2.62371 0.01 -0.01 0.02 0.308083 -0.782883 -0.540536
272 -0.391182 0.736599 -2.63129 -0.02 1.11759e-10 0.005 0.507433 -0.757253 -0.411193
273 -0.386079 0.744257 -2.6387 0.005 0.005 0.01 0.283375 -0.885136 -0.369096
274 -0.381332 0.751126 -2.64563 -0.01 0.015 0.005 0.421568 -0.588041 -0.690281
275 -0.377225 0.756708 -2.65142 -0.015 0.015 0.005 0.685881 -0.505536 -0.523451
276 -0.373524 0.761321 -2.65635 0.01 0.015 -0.005 0.355957 -0.751549 -0.555399
277 -0.370558 0.764483 -2.65964 0.015 0.02 1.11759e-10 0.637846 -0.439323 -0.632572
278 -0.368591 0.766361 -2.66204 0.01 0.015 -0.015 0.516621 -0.630383 -0.579414
279 -0.367022 0.767147 -2.66285 1.11759e-10 0.02 -0.01 0.381924 -0.813827 -0.437973
280 -0.366135 0.767312 -2.66303 0.01 -0.005 0.01 0.464333 -0.640183 -0.612014
281 -0.366019 0.766611 -2.66253 0.015 0.015 1.11759e-10 0.345367 -0.865314 -0.363255
282 -0.366294 0.765631 -2.66168 -0.01 0.005 0.015 0.462462 -0.713624 -0.526185
283 -0.367148 0.764311 -2.66063 0.005 0.015 1.11759e-10 0.410083 -0.831066 -0.375714
284 -0.368209 0.763173 -2.65983 0.005 0.02 1.11759e-10 0.3367 -0.89681 -0.286992
285 -0.369465 0.761833 -2.65889 0.015 1.11759e-10 0.02 0.36231 -0.847954 -0.386918
286 -0.370775 0.760739 -2.65823 1.11759e-10 0.015 -0.005 0.357134 -0.701512 -0.616714
287 -0.372126 0.759468 -2.65749 -0.015 1.11759e-10 1.11759e-10 0.38598 -0.777794 -0.49604
288 -0.373397 0.758326 -2.6568 -0.005 0.005 0.005 0.382388 -0.834047 -0.397673
289 -0.374494 0.757099 -2.6558 -0.005 1.11759e-10 -0.02 0.380916 -0.769691 -0.512327
290 -0.375386 0.755842 -2.65496 1.11759e-10 0.02 1.11759e-10 0.411634 -0.471082 -0.780153
291 -0.376323 0.754001 -2.65335 -0.005 0.02 0.02 0.240886 -0.88704 -0.393871
292 -0.377352 0.751886 -2.65155 1.11759e-10 0.02 -0.01 0.399019 -0.763662 -0.507547
293 -0.379114 0.748688 -2.64931 0.005 -0.02 -0.02 0.243303 -0.783472 -0.571818
294 -0.380076 0.74619 -2.64667 0.01 -0.02 -0.015 0.32302 -0.756755 -0.568313
295 -0.381498 0.743508 -2.64443 0.02 0.015 -0.005 0.318565 -0.750175 -0.579443
296 -0.382934 0.740744 -2.6419 0.005 0.02 0.01 0.403493 -0.697513 -0.592173
297 -0.384616 0.737831 -2.63926 1.11759e-10 -0.01 -0.01 0.48948 -0.772388 -0.404755
298 -0.386559 0.734685 -2.63644 0.01 -0.01 0.02 0.473675 -0.68317 -0.555797
299 -0.388898 0.730657 -2.63308 0.015 0.01 -0.005 0.504969 -0.68845 -0.520618
300 -0.391429 0.725618 -2.62915 1.11759e-10 0.005 -0.02 0.503273 -0.571598 -0.648068
301 -0.394484 0.719498 -2.62423 0.015 -0.015 -0.01 0.344678 -0.835284 -0.428366
302 -0.397901 0.712386 -2.61873 0.015 0.02 0.015 0.416209 -0.729116 -0.543286
303 -0.401634 0.704673 -2.61267 -0.005 -0.015 1.11759e-10 0.46143 -0.657478 -0.595655
304 -0.405323 0.696519 -2.60668 0.015 1.11759e-10 0.02 0.628061 -0.614772 -0.47707
305 -0.408974 0.688154 -2.60069 1.11759e-10 -0.02 0.01 0.620423 -0.648463 -0.441103
306 -0.412348 0.680137 -2.59495 -0.015 -0.005 0.01 0.365994 -0.695346 -0.618501
307 -0.41539 0.672023 -2.5895 0.005 0.015 1.11759e-10 0.431062 -0.411536 -0.803009
308 -0.418518 0.663749 -2.58432 -0.005 -0.015 -0.02 0.526404 -0.639718 -0.560053
309 -0.421365 0.655034 -2.5791 -0.015 0.015 -0.005 0.42026 -0.408756 -0.810124
310 -0.423838 0.646237 -2.574 0.01 0.015 1.11759e-10 0.36622 -0.674654 -0.640878
311 -0.423589 0.64681 -2.56032 -0.02 1.11759e-10 0.02 0.410403 -0.587983 -0.697026
312 -0.431415 0.628222 -2.5682 0.02 0.02 1.11759e-10 0.410677 -0.430836 -0.80357
313 -0.428781 0.626693 -2.55204 0.005 1.11759e-10 0.015 0.431682 -0.562199 -0.705396
314 -0.431337 0.617049 -2.54763 1.11759e-10 0.005 1.11759e-10 0.363901 -0.362611 -0.857957
315 -0.433773 0.606862 -2.54343 -0.01 1.11759e-10 0.01 0.396827 -0.472795 -0.786762
316 -0.43577 0.597379 -2.53885 -0.015 1.11759e-10 0.015 0.416862 -0.466733 -0.779991
317 -0.438651 0.586418 -2.53608 -0.005 1.11759e-10 0.02 0.530816 -0.379431 -0.757803
318 -0.441066 0.576233 -2.53254 0.015 -0.015 0.015 0.433547 -0.485619 -0.759086
319 -0.443401 0.565847 -2.5291 0.005 0.005 0.015 0.455384 -0.466065 -0.758557
320 -0.445201 0.555394 -2.52573 0.015 0.005 -0.015 0.395121 -0.289364 -0.871865
321 -0.447074 0.544832 -2.52271 0.02 -0.01 -0.005 0.469767 -0.342951 -0.813452
322 -0.448141 0.534526 -2.51902 1.11759e-10 0.015 0.02 0.496216 -0.338196 -0.79962
323 -0.449868 0.524103 -2.51672 -0.02 0.015 0.005 0.589203 -0.323364 -0.740456
324 -0.45105 0.513972 -2.51391 0.005 0.01 0.005 0.478653 -0.327206 -0.814756
325 -0.4525 0.503416 -2.51088 -0.01 0.02 -0.01 0.45168 -0.341005 -0.82444
326 -0.454138 0.492153 -2.50916 -0.01 0.01 -0.02 0.536993 -0.26198 -0.801876
327 -0.45556 0.481168 -2.50681 -0.01 0.02 0.02 0.288782 -0.297511 -0.909996
328 -0.456602 0.470184 -2.5044 1.11759e-10 0.02 0.01 0.478293 -0.2251 -0.848862
329 -0.457449 0.459408 -2.5017 -0.02 -0.02 -0.02 0.547628 -0.233189 -0.803571
330 -0.457882 0.448562 -2.49893 -0.02 1.11759e-10 -0.01 0.492601 -0.252018 -0.832965
331 -0.458006 0.437821 -2.49626 -0.01 1.11759e-10 0.015 0.461312 -0.225064 -0.858217
332 -0.4578 0.427055 -2.4939 -0.02 -0.01 0.02 0.553424 -0.281165 -0.784008
333 -0.457426 0.416645 -2.49148 1.11759e-10 0.02 0.015 0.456888 -0.354023 -0.81604
334 -0.45686 0.406084 -2.48922 -0.02 -0.02 -0.01 0.484397 -0.125365 -0.865819
335 -0.456939 0.394135 -2.48814 -0.01 0.01 0.015 0.464123 -0.134007 -0.875575
336 -0.455128 0.384823 -2.48417 -0.02 -0.005 -0.005 0.458795 -0.130563 -0.878897
337 -0.45436 0.373666 -2.48146 -0.01 0.015 0.015 0.595509 -0.110123 -0.795765
338 -0.453224 0.362722 -2.47937 -0.02 -0.005 0.005 0.451933 -0.151765 -0.879047
339 -0.45182 0.351684 -2.47788 0.02 1.11759e-10 0.015 0.544276 -0.145288 -0.826229
340 -0.450425 0.340444 -2.47668 -0.02 -0.015 -0.015 0.457064 -0.105221 -0.883188
341 -0.448999 0.3287 -2.47538 -0.02 1.11759e-10 0.015 0.385435 -0.147318 -0.910899
342 -0.44739 0.316185 -2.47387 -0.015 1.11759e-10 1.11759e-10 0.504667 0.0802024 -0.85958
343 -0.445346 0.303207 -2.47275 -0.005 0.02 0.01 0.460135 -0.0554944 -0.886113
344 -0.443053 0.28995 -2.47178 1.11759e-10 -0.01 -0.005 0.455425 0.0812525 -0.886558
345 -0.441932 0.275026 -2.47574 -0.015 -0.005 -0.02 0.513313 0.077365 -0.854707
346 -0.440791 0.261253 -2.47812 -0.005 -0.02 1.11759e-10 0.480368 0.143769 -0.865203
347 -0.438221 0.248538 -2.47819 -0.015 0.01 0.015 0.484326 0.150979 -0.861762
348 -0.435882 0.235915 -2.47904 0.015 -0.01 -0.015 0.426328 0.125698 -0.895793
349 -0.433215 0.224042 -2.47963 1.11759e-10 -0.005 1.11759e-10 0.324636 0.146543 -0.934418
350 -0.430574 0.212581 -2.4806 1.11759e-10 0.005 -0.005 0.464987 0.22802 -0.855449
351 -0.427739 0.201406 -2.48172 -0.005 1.11759e-10 0.015 0.456198 0.253649 -0.852963
352 -0.425328 0.190883 -2.4838 -0.02 -0.015 0.015 0.48051 0.158341 -0.862577
353 -0.421943 0.179802 -2.48548 0.015 0.005 -0.005 0.447862 0.182049 -0.875373
354 -0.41984 0.169666 -2.48848 0.02 0.01 1.11759e-10 0.479947 0.31555 -0.818584
355 -0.416337 0.159071 -2.49055 0.005 0.01 0.005 0.42979 0.302522 -0.850741
356 -0.412209 0.147543 -2.4926 1.11759e-10 0.005 0.02 0.410429 0.307933 -0.858327
357 -0.408629 0.136501 -2.49556 0.015 -0.02 -0.01 0.363884 0.325069 -0.87288
358 -0.404682 0.125226 -2.49873 0.005 -0.005 -0.02 0.347035 0.416063 -0.840511
359 -0.400649 0.11393 -2.5022 0.01 1.11759e-10 0.01 0.43397 0.435264 -0.788806
360 -0.396346 0.102396 -2.50588 0.005 0.015 0.015 0.422589 0.43505 -0.795079
361 -0.391959 0.0912448 -2.50967 0.02 -0.015 0.015 0.444501 0.426022 -0.787987
362 -0.38729 0.0800763 -2.51409 1.11759e-10 0.005 -0.01 0.324034 0.462612 -0.825223
363 -0.382415 0.0693676 -2.51893 0.005 0.015 -0.02 0.340713 0.515234 -0.786415
364 -0.377876 0.0587137 -2.52049 -0.015 -0.02 -0.01 0.394273 0.463095 -0.793783
365 -0.372813 0.0489611 -2.52957 0.01 -0.01 0.02 0.357312 0.548435 -0.756007
366 -0.367897 0.0389811 -2.53568 -0.01 -0.01 -0.02 0.360575 0.540972 -0.759825
367 -0.362779 0.029517 -2.5419 -0.015 -0.015 0.005 0.305419 0.650018 -0.695842
368 -0.35788 0.0198782 -2.54882 1.11759e-10 -0.015 -0.005 0.300865 0.630456 -0.715546
369 -0.35255 0.0104895 -2.55605 0.01 0.01 1.11759e-10 0.225679 0.61782 -0.753238
370 -0.347636 0.00127268 -2.56392 -0.01 -0.015 0.005 0.403672 0.636484 -0.657219
371 -0.342811 -0.00717932 -2.57208 0.015 -0.02 1.11759e-10 0.321634 0.680681 -0.658198
372 -0.338673 -0.0153021 -2.58115 0.005 -0.015 0.02 0.334196 0.682371 -0.650141
373 -0.332664 -0.0289049 -2.59934 0.015 0.005 0.015 0.29922 0.740081 -0.602285
374 -0.331291 -0.0339541 -2.60833 0.02 0.005 -0.02 0.322221 0.79084 -0.520333
375 -0.330808 -0.0383082 -2.61687 0.015 -0.005 -0.01 0.333461 0.736592 -0.588418
376 -0.330431 -0.041884 -2.62397 0.015 1.11759e-10 1.11759e-10 0.346725 0.773924 -0.529928
377 -0.332436 -0.0442268 -2.63251 -0.02 0.005 -0.02 0.364572 0.749461 -0.552627
378 -0.333176 -0.0461158 -2.63765 0.015 0.01 0.02 0.257051 0.795677 -0.548473
379 -0.334816 -0.0472471 -2.64271 0.005 -0.015 0.005 0.280652 0.749892 -0.599079
380 -0.336654 -0.0475453 -2.64697 -0.02 -0.005 0.01 0.302267 0.697507 -0.649706
381 -0.338418 -0.0475562 -2.64981 -0.01 -0.015 -0.02 0.36301 0.747159 -0.556756
382 -0.339386 -0.0471958 -2.65077 0.02 -0.015 0.02 0.346822 0.77148 -0.533417
383 -0.341238 -0.0464342 -2.65271 -0.015 -0.005 0.01 0.29823 0.792567 -0.53188
384 -0.340966 -0.0460745 -2.65132 0.005 -0.02 -0.005 0.478032 0.735205 -0.480582
385 -0.340912 -0.045534 -2.65011 0.02 0.005 0.015 0.312504 0.804912 -0.504438
386 -0.340286 -0.0448794 -2.64844 1.11759e-10 -0.02 0.02 0.381151 0.746474 -0.545437
387 -0.339006 -0.044732 -2.64599 1.11759e-10 -0.005 -0.005 0.382517 0.747193 -0.543491
388 -0.337953 -0.044449 -2.64429 0.02 -0.01 0.02 0.376612 0.752926 -0.539691
389 -0.337102 -0.044345 -2.643 -0.01 1.11759e-10 -0.005 0.48668 0.719487 -0.49546
390 -0.336092 -0.0443741 -2.64166 0.015 -0.02 0.01 0.376495 0.733916 -0.565348
391 -0.335778 -0.0445346 -2.64134 0.005 1.11759e-10 0.005 0.380714 0.800665 -0.462593
392 -0.335202 -0.0447282 -2.64069 0.015 0.005 0.02 0.319044 0.805406 -0.499533
393 -0.335934 -0.0449542 -2.64179 1.11759e-10 0.015 0.015 0.344231 0.79541 -0.498826
394 -0.336293 -0.0452787 -2.64203 -0.02 0.015 -0.005 0.36674 0.767191 -0.526232
395 -0.336572 -0.0458565 -2.64166 0.02 -0.015 0.01 0.327253 0.814786 -0.478571
396 -0.337752 -0.0461173 -2.6423 0.02 -0.015 0.02 0.356813 0.746521 -0.561597
397 -0.340434 -0.0463433 -2.64447 0.015 1.11759e-10 -0.01 0.379186 0.717023 -0.58489
398 -0.341498 -0.0473475 -2.64377 -0.005 -0.005 0.02 0.295562 0.77911 -0.552838
