0 -0.191832 -0.829831 -2.38424 -0.005 0.015 -0.02 0.0813911 0.954156 -0.28803
1 -0.188911 -0.828292 -2.38269 0.015 -0.02 -0.02 0.136249 0.933058 -0.332924
2 -0.187066 -0.827459 -2.38097 0.01 0.005 -0.01 0.108447 0.942034 -0.317508
3 -0.184715 -0.827004 -2.38104 -0.005 -0.01 -0.005 0.132289 0.962067 -0.238594
4 -0.182951 -0.826836 -2.38071 0.005 1.11759e-10 0.015 0.145238 0.931253 -0.334176
5 -0.181698 -0.82679 -2.38038 -0.01 -0.005 0.015 0.15418 0.931062 -0.330684
6 -0.180964 -0.826881 -2.38012 -0.02 -0.005 0.015 0.196921 0.9242 -0.327225
7 -0.180001 -0.826687 -2.37996 1.11759e-10 0.02 0.02 0.184257 0.927701 -0.324684
8 -0.17877 -0.826422 -2.37974 0.005 0.015 -0.01 0.171912 0.915197 -0.3645
9 -0.177825 -0.827112 -2.38068 0.005 -0.005 0.015 0.142924 0.937147 -0.31832
10 -0.175974 -0.825602 -2.37956 -0.01 0.005 0.02 0.196986 0.917291 -0.346083
11 -0.174987 -0.82525 -2.37938 0.01 -0.005 -0.01 0.133185 0.93053 -0.34114
12 -0.173984 -0.824949 -2.37925 1.11759e-10 -0.01 -0.015 0.206036 0.918524 -0.337437
13 -0.173542 -0.824816 -2.3792 1.11759e-10 -0.02 0.02 0.217506 0.917111 -0.334063
14 -0.173875 -0.824844 -2.37929 0.005 0.02 -0.02 0.225169 0.932936 -0.280942
15 -0.174597 -0.82508 -2.37966 -0.015 -0.01 -0.015 0.201904 0.924317 -0.323842
16 -0.174733 -0.826806 -2.38115 -0.01 -0.015 1.11759e-10 0.177423 0.930598 -0.32017
17 -0.176915 -0.82603 -2.3787 0.015 -0.02 -0.02 0.226493 0.927185 -0.298377
18 -0.176922 -0.826118 -2.38023 -0.005 0.005 1.11759e-10 0.196795 0.912807 -0.357849
19 -0.178763 -0.826813 -2.37948 1.11759e-10 -0.005 0.005 0.127944 0.916962 -0.377903
20 -0.179859 -0.828595 -2.38266 0.02 -0.01 0.005 0.171086 0.917806 -0.358276
21 -0.180908 -0.827757 -2.37958 -0.015 -0.005 1.11759e-10 0.121967 0.934632 -0.334046
22 -0.181454 -0.828279 -2.37979 0.005 -0.01 0.02 0.157179 0.91542 -0.370541
23 -0.182209 -0.830234 -2.38313 -0.01 -0.005 1.11759e-10 0.157892 0.916789 -0.366835
24 -0.182716 -0.830247 -2.38326 -0.005 0.01 -0.01 0.115757 0.927814 -0.354629
25 -0.183231 -0.830584 -2.38358 -0.02 0.015 -0.02 0.126616 0.933864 -0.334465
26 -0.183673 -0.830519 -2.38307 0.02 1.11759e-10 0.005 0.125512 0.903026 -0.410841
27 -0.183516 -0.833679 -2.38608 1.11759e-10 0.01 0.005 0.132558 0.918757 -0.371906
28 -0.183919 -0.833514 -2.38576 0.005 0.015 0.02 0.109473 0.948182 -0.298273
29 -0.184266 -0.833174 -2.38548 0.02 -0.015 0.005 0.106283 0.916226 -0.386309
30 -0.184564 -0.832791 -2.38522 -0.015 -0.005 0.015 0.0939182 0.931393 -0.351691
31 -0.184791 -0.832687 -2.38516 1.11759e-10 0.015 0.01 0.104297 0.913608 -0.392993
32 -0.184831 -0.832535 -2.38511 -0.005 -0.005 0.02 0.0823982 0.942676 -0.323378
33 -0.184855 -0.832237 -2.38471 0.005 1.11759e-10 -0.005 0.10764 0.937061 -0.332159
34 -0.184711 -0.832152 -2.38488 -0.02 0.015 0.01 0.14426 0.924667 -0.352391
35 -0.184679 -0.831942 -2.38471 1.11759e-10 -0.005 1.11759e-10 0.085796 0.943178 -0.321021
36 -0.184868 -0.831869 -2.38415 -0.005 1.11759e-10 1.11759e-10 0.10154 0.953276 -0.284525
37 -0.184607 -0.83167 -2.38439 -0.005 -0.005 0.02 0.102097 0.913252 -0.394395
38 -0.184984 -0.831762 -2.3839 -0.015 0.015 1.11759e-10 0.0857371 0.930094 -0.357175
39 -0.185029 -0.833443 -2.38614 0.01 0.02 -0.01 0.0893711 0.950514 -0.297551
40 -0.184796 -0.831639 -2.38422 -0.02 0.02 -0.005 0.0677971 0.930434 -0.360132
41 -0.18467 -0.831436 -2.38416 0.015 0.02 -0.015 0.0478616 0.922034 -0.384138
42 -0.185116 -0.831451 -2.38337 0.005 -0.02 0.015 0.170818 0.93778 -0.302307
43 -0.184572 -0.831145 -2.38396 0.01 0.01 1.11759e-10 0.0754222 0.910671 -0.406189
44 -0.184644 -0.830984 -2.38372 1.11759e-10 -0.02 0.015 0.103223 0.912569 -0.395681
45 -0.185143 -0.831102 -2.38287 -0.01 -0.015 0.01 0.157284 0.936206 -0.314294
46 -0.18452 -0.830813 -2.38355 -0.015 -0.005 -0.02 0.0660703 0.933691 -0.351931
47 -0.185094 -0.831242 -2.38261 1.11759e-10 0.02 0.005 0.133437 0.93451 -0.329979
48 -0.184774 -0.831036 -2.38222 -0.015 1.11759e-10 0.015 0.126201 0.938529 -0.321305
49 -0.184295 -0.830858 -2.38203 -0.015 0.015 0.005 0.105868 0.928787 -0.355172
50 -0.183839 -0.83073 -2.38172 0.02 -0.005 0.02 0.123878 0.930035 -0.345961
51 -0.182524 -0.830085 -2.38237 0.02 0.01 0.015 0.131365 0.932365 -0.336807
52 -0.182263 -0.830879 -2.38349 0.02 1.11759e-10 1.11759e-10 0.12724 0.935712 -0.329017
53 -0.181536 -0.828263 -2.38018 0.02 1.11759e-10 1.11759e-10 0.184447 0.929068 -0.320643
54 -0.180113 -0.825429 -2.38084 -0.02 1.11759e-10 -0.015 0.148984 0.933372 -0.326527
55 -0.178302 -0.820866 -2.38013 0.01 0.01 1.11759e-10 0.147719 0.940483 -0.306058
56 -0.177749 -0.813912 -2.38083 1.11759e-10 0.005 -0.02 0.123346 0.965833 -0.22793
57 -0.175206 -0.798396 -2.37773 0.015 1.11759e-10 -0.015 0.175125 0.964346 -0.198415
58 -0.170887 -0.780169 -2.37469 1.11759e-10 -0.02 -0.01 0.175802 0.969145 -0.172776
59 -0.16323 -0.76026 -2.37177 -0.01 1.11759e-10 0.01 0.190239 0.97296 -0.130984
60 -0.149562 -0.734465 -2.36524 -0.015 1.11759e-10 0.02 0.159229 0.982123 -0.100402
61 -0.135218 -0.708047 -2.35849 0.01 0.02 0.005 0.168843 0.981895 -0.0858777
62 -0.12117 -0.679521 -2.35083 -0.005 -0.02 0.01 0.141919 0.987711 -0.0654656
63 -0.108655 -0.648118 -2.34279 -0.02 0.015 -0.01 0.0902762 0.994801 -0.047133
64 -0.0960874 -0.610336 -2.33535 -0.015 -0.01 0.005 0.102589 0.992988 0.0587345
65 -0.102279 -0.569566 -2.34226 1.11759e-10 -0.02 0.015 0.124538 0.991331 0.0418719
66 -0.080736 -0.50504 -2.31361 -0.005 0.015 1.11759e-10 0.0836415 0.996027 0.0305799
67 -0.0775788 -0.470754 -2.30569 -0.015 0.005 -0.005 0.0580388 0.99708 -0.0496353
68 -0.0761845 -0.440246 -2.29475 1.11759e-10 -0.005 -0.02 0.0817647 0.996546 -0.0145003
69 -0.0762742 -0.412462 -2.28265 0.01 -0.015 0.02 0.0846952 0.994503 -0.0615716
70 -0.0748401 -0.386287 -2.27289 0.01 -0.02 1.11759e-10 0.0717811 0.991467 -0.108817
71 -0.0720731 -0.361783 -2.264 0.015 0.01 0.01 0.0774727 0.986081 -0.14711
72 -0.0688836 -0.339677 -2.25818 0.015 -0.005 0.01 0.0450298 0.98589 -0.161224
73 -0.0709251 -0.275889 -2.25578 -0.015 0.005 0.005 0.0627051 0.976506 -0.206167
74 -0.0762804 -0.2797 -2.25485 0.015 -0.02 -0.015 0.0384949 0.977381 -0.207951
75 -0.0832041 -0.290761 -2.25376 -0.02 -0.01 0.02 0.0643078 0.977365 -0.201549
76 -0.0911695 -0.307752 -2.25179 0.005 -0.02 -0.005 0.0758186 0.975775 -0.20522
77 -0.139436 -0.467704 -2.26284 -0.01 -0.015 0.01 0.033718 0.98622 -0.161968
78 -0.148387 -0.507736 -2.26702 0.015 -0.015 -0.005 0.0876995 0.987403 -0.1317
79 -0.155058 -0.547444 -2.27268 -0.01 0.01 -0.015 0.0951739 0.982046 -0.162876
80 -0.16463 -0.584323 -2.27982 0.005 -0.005 -0.01 0.117595 0.981087 -0.15375
81 -0.189745 -0.710924 -2.28186 -0.015 -0.02 -0.015 0.102096 0.945889 -0.30801
82 -0.196816 -0.732189 -2.29296 -0.015 -0.01 -0.02 0.144525 0.960304 -0.2386
83 -0.1948 -0.757766 -2.29902 -0.01 1.11759e-10 0.005 0.0668669 0.945913 -0.317455
84 -0.190843 -0.77439 -2.29887 0.01 -0.02 -0.02 0.0614404 0.930705 -0.360573
85 -0.185903 -0.784442 -2.29656 0.02 -0.01 0.01 0.0299178 0.915909 -0.40027
86 -0.187944 -0.789571 -2.29744 -0.005 -0.015 -0.015 0.0777314 0.909454 -0.408475
87 -0.190436 -0.79065 -2.29929 0.02 0.015 0.01 -0.0206382 0.903177 -0.428773
