0 0.348388 0.00193465 -2.47899 -0.02 -0.015 0.01 -0.216812 0.657779 -0.721331
1 0.37433 0.00562096 -2.47221 -0.015 -0.01 0.005 -0.157711 0.606651 -0.779168
2 0.387067 0.00630999 -2.46966 -0.015 -0.02 1.11759e-10 -0.188183 0.535686 -0.823181
3 0.400656 0.00645161 -2.46715 1.11759e-10 0.01 0.015 -0.990921 -0 -0.134448
4 0.412227 0.00551641 -2.46578 -0.005 -0.01 0.02 -0.194914 0.653775 -0.731154
5 0.423624 0.00379956 -2.46454 -0.02 -0.01 -0.005 -0.0980624 0.647807 -0.755467
6 0.433936 0.00112021 -2.46309 -0.02 -0.015 -0.01 -0.300783 0.626268 -0.719248
7 0.443433 -0.00210249 -2.46174 -0.02 -0.015 0.02 -0.194518 0.640688 -0.742753
8 0.450634 -0.0053997 -2.46131 -0.01 -0.005 0.01 -0.301827 0.574602 -0.760745
9 0.456111 -0.00807476 -2.46101 -0.02 -0.02 0.005 -0.347429 0.649499 -0.676346
10 0.459839 -0.0098657 -2.46092 -0.015 -0.015 0.02 -0.270878 0.624463 -0.732578
11 0.461773 -0.0115131 -2.4608 -0.02 -0.02 -0.005 -0.278528 0.763275 -0.582952
12 0.46288 -0.0132324 -2.46046 -0.005 1.11759e-10 0.015 -0.242021 0.71953 -0.650924
13 0.463548 -0.0147669 -2.46034 -0.01 -0.015 0.02 -0.111403 0.775325 -0.62166
14 0.464109 -0.0155305 -2.46056 -0.005 -0.015 0.015 -0.178185 0.613284 -0.769501
15 0.464529 -0.0155255 -2.46046 -0.015 -0.015 0.015 -0.199731 0.626752 -0.753186
16 0.465356 -0.0148543 -2.45915 -0.01 -0.01 0.005 -0.146438 0.732881 -0.66441
17 0.466223 -0.013305 -2.45648 0.005 -0.005 0.02 -0.26635 0.57652 -0.772452
18 0.46694 -0.0112131 -2.45333 0.01 -0.02 0.01 -0.184788 0.617784 -0.764327
19 0.467598 -0.0093503 -2.45094 0.02 -0.01 0.02 -0.24214 0.573494 -0.782607
20 0.467838 -0.00782651 -2.44956 0.01 -0.015 0.015 -0.284264 0.562055 -0.776716
21 0.467585 -0.00678039 -2.44882 -0.02 -0.02 -0.015 -0.348713 0.557977 -0.753035
22 0.467423 -0.00586557 -2.44851 -0.005 -0.02 1.11759e-10 -0.42599 0.600228 -0.676948
23 0.466128 -0.00409269 -2.44791 -0.01 0.015 0.02 -0.237893 0.5712 -0.785581
24 0.46703 -0.00159895 -2.44809 1.11759e-10 -0.005 0.02 -0.200422 0.608971 -0.767454
25 0.470417 0.00221354 -2.44967 0.01 -0.02 0.015 -0.279136 0.532432 -0.799124
26 0.472403 0.00863528 -2.44895 0.015 -0.01 -0.02 -0.239967 0.500992 -0.831518
27 0.476774 0.0184528 -2.44976 0.015 0.015 0.015 -0.278578 0.46059 -0.842764
28 0.482778 0.0321218 -2.44981 -0.02 -0.015 0.01 -0.330749 0.475897 -0.81494
29 0.489076 0.046809 -2.44987 -0.01 0.005 0.02 -0.326283 0.374068 -0.868109
30 0.496178 0.06223 -2.45001 -0.01 0.005 -0.005 -0.318022 0.278692 -0.906197
31 0.503575 0.077307 -2.45065 0.01 -0.005 0.02 -0.351 0.235744 -0.906214
32 0.511035 0.0910437 -2.45194 -0.015 -0.01 0.005 -0.228944 0.0865362 -0.969586
33 0.518537 0.103211 -2.45349 1.11759e-10 -0.02 0.005 -0.280531 0.111385 -0.95336
34 0.525431 0.11363 -2.4545 -0.005 0.015 0.01 -0.500948 0.176109 -0.84737
35 0.532044 0.122249 -2.45559 0.01 -0.02 0.02 -0.492982 0.134053 -0.85965
36 0.537999 0.129241 -2.45713 1.11759e-10 -0.02 -0.02 -0.570623 0.0717416 -0.818072
37 0.546617 0.138363 -2.46326 0.02 -0.02 0.01 -0.376212 0.0735061 -0.923613
38 0.550031 0.138732 -2.46675 1.11759e-10 0.015 1.11759e-10 -0.448439 0.147719 -0.881522
39 0.552566 0.137287 -2.46951 0.01 -0.015 -0.01 -0.45676 0.0685723 -0.886943
40 0.554731 0.134665 -2.47184 1.11759e-10 -0.015 1.11759e-10 -0.613801 0.0728026 -0.786097
41 0.555568 0.129472 -2.47363 0.005 -0.02 -0.02 -0.497623 0.0832758 -0.863387
42 0.554614 0.121438 -2.47458 1.11759e-10 -0.015 0.01 -0.493532 0.10409 -0.863477
43 0.552381 0.111297 -2.47516 0.02 -0.015 -0.01 -0.480925 0.0983851 -0.871224
44 0.548887 0.098891 -2.47515 -0.01 -0.02 -0.01 -0.440325 0.205581 -0.873985
45 0.531419 0.0465792 -2.4748 0.005 0.015 -0.02 -0.372732 0.257164 -0.891593
46 0.523437 0.0251698 -2.4761 0.015 -0.01 0.01 -0.250556 0.490269 -0.83478
47 0.516382 0.00425011 -2.47912 0.005 0.005 -0.01 -0.351589 0.495777 -0.794097
48 0.510371 -0.0146612 -2.48413 0.015 0.02 0.02 -0.32557 0.568863 -0.755248
49 0.504783 -0.033134 -2.49103 -0.02 -0.02 -0.01 -0.189298 0.685868 -0.702674
50 0.501529 -0.0487245 -2.4984 0.02 -0.02 0.005 -0.230558 0.664037 -0.711265
51 0.500151 -0.0618452 -2.50644 -0.015 -0.015 0.01 -0.175584 0.728025 -0.662684
52 0.5006 -0.0729975 -2.51451 -0.015 -0.02 0.015 -0.280223 0.663718 -0.693508
53 0.50342 -0.0810061 -2.52116 -0.01 -0.015 0.02 -0.380607 0.721589 -0.578314
54 0.508531 -0.0849164 -2.52574 -0.02 -0.02 -0.015 -0.377448 0.669253 -0.640027
55 0.515433 -0.0862316 -2.52825 1.11759e-10 -0.015 0.015 -0.376208 0.720441 -0.582608
56 0.523766 -0.0859535 -2.5286 -0.02 1.11759e-10 0.005 -0.26237 0.713281 -0.649917
57 0.532604 -0.0839897 -2.52731 -0.015 -0.02 -0.015 -0.341515 0.681379 -0.647372
58 0.541358 -0.0804299 -2.52443 -0.02 -0.02 0.015 -0.36085 0.68146 -0.63671
59 0.549611 -0.0758482 -2.52037 -0.02 1.11759e-10 -0.01 -0.339139 0.739919 -0.580952
60 0.556583 -0.0708108 -2.51483 -0.02 -0.02 0.01 -0.239308 0.629784 -0.738989
61 0.561893 -0.0653222 -2.50805 -0.015 -0.02 -0.02 -0.180814 0.817102 -0.547404
62 0.565802 -0.0597985 -2.50053 -0.015 -0.01 -0.02 -0.40731 0.6336 -0.657761
63 0.567666 -0.0540783 -2.49244 -0.005 -0.02 0.02 -0.284104 0.657299 -0.698028
64 0.567673 -0.048573 -2.48414 -0.015 0.015 0.02 -0.343894 0.638037 -0.688946
65 0.566085 -0.0435351 -2.47616 1.11759e-10 -0.02 0.02 -0.300652 0.574518 -0.761274
66 0.563043 -0.0389496 -2.46868 -0.01 1.11759e-10 0.01 -0.327553 0.563149 -0.758665
67 0.558865 -0.0350704 -2.46261 -0.015 -0.02 0.015 -0.239197 0.44837 -0.861249
68 0.555627 -0.0323024 -2.4599 -0.02 -0.01 -0.015 -0.325789 0.547438 -0.770826
69 0.550008 -0.0308313 -2.45647 1.11759e-10 0.01 0.015 -0.251276 0.529737 -0.810085
70 0.544285 -0.030184 -2.45406 0.01 0.005 0.01 -0.171678 0.537723 -0.825458
71 0.538836 -0.0302165 -2.45247 -0.02 -0.015 0.015 -0.212928 0.611992 -0.761661
72 0.533935 -0.03123 -2.45179 -0.015 1.11759e-10 0.02 -0.186372 0.587341 -0.787589
73 0.529603 -0.0332787 -2.45162 0.015 -0.02 0.01 -0.15577 0.612391 -0.775057
74 0.525952 -0.0359408 -2.45215 -0.02 -0.02 0.01 -0.119649 0.585522 -0.801778
75 0.522135 -0.038314 -2.45249 -0.02 -0.02 -0.01 -0.107566 0.579866 -0.80758
76 0.519593 -0.0406166 -2.45342 -0.005 -0.015 0.015 -0.166578 0.65878 -0.733662
77 0.518198 -0.0426895 -2.45503 0.01 -0.015 0.015 -0.168108 0.581838 -0.795741
78 0.516519 -0.0440971 -2.457 -0.01 -0.02 -0.01 -0.250503 0.581603 -0.773942
79 0.514987 -0.0450758 -2.45956 -0.02 -0.02 -0.02 -0.161844 0.677024 -0.717945
80 0.513638 -0.0454479 -2.46215 -0.015 -0.02 1.11759e-10 -0.211269 0.712018 -0.669624
81 0.511567 -0.0452986 -2.4645 -0.015 -0.01 -0.01 -0.261206 0.608485 -0.749345
82 0.509083 -0.0448102 -2.46663 1.11759e-10 -0.015 0.02 -0.236155 0.68412 -0.69008
83 0.505814 -0.0434861 -2.46821 -0.015 -0.015 -0.005 -0.196925 0.625142 -0.75526
84 0.50197 -0.0419908 -2.46906 0.01 0.01 0.005 -0.244512 0.742924 -0.62312
85 0.49624 -0.0392958 -2.46903 -0.02 -0.015 0.015 -0.221581 0.707006 -0.671599
86 0.490717 -0.0369149 -2.46922 1.11759e-10 0.02 0.01 -0.240076 0.696929 -0.675761
87 0.483353 -0.0334669 -2.46873 -0.02 1.11759e-10 0.015 -0.31336 0.533269 -0.785767
88 0.474652 -0.02969 -2.46799 0.005 1.11759e-10 0.005 -0.25731 0.550153 -0.794432
89 0.465058 -0.0258108 -2.46714 1.11759e-10 -0.02 0.02 -0.24602 0.678647 -0.692035
90 0.454388 -0.0217726 -2.46573 1.11759e-10 -0.015 1.11759e-10 -0.21811 0.656424 -0.722174
91 0.442941 -0.0177003 -2.46407 1.11759e-10 -0.01 -0.01 -0.187914 0.60188 -0.776163
92 0.43043 -0.0136347 -2.46286 -0.015 0.005 -0.005 -0.21613 0.638086 -0.739009
93 0.416741 -0.00936633 -2.46202 -0.01 -0.01 1.11759e-10 -0.154018 0.624672 -0.765548
94 0.40178 -0.00470841 -2.46118 -0.005 0.005 0.015 -0.25396 0.587284 -0.768506
95 0.385461 -0.000284791 -2.46027 1.11759e-10 0.01 0.015 -0.264691 0.598749 -0.755935
