0 0.106802 -0.800055 -2.33758 0.015 1.11759e-10 -0.01 0.155142 0.879156 -0.450573
1 0.106767 -0.800027 -2.33759 -0.01 1.11759e-10 0.005 0.107898 0.852057 -0.512207
2 0.106745 -0.799992 -2.3375 0.005 0.005 1.11759e-10 0.172888 0.902334 -0.394846
3 0.106726 -0.799934 -2.33753 0.01 0.015 0.015 0.216652 0.868811 -0.44523
4 0.106658 -0.799915 -2.33744 -0.02 -0.01 -0.005 0.0532041 0.910835 -0.409328
5 0.106592 -0.799879 -2.33741 0.01 -0.02 0.015 0.216269 0.887927 -0.405972
6 0.106524 -0.79983 -2.33741 -0.02 1.11759e-10 -0.005 0.130005 0.864791 -0.48501
7 0.106429 -0.799822 -2.33734 1.11759e-10 -0.005 0.005 0.163549 0.900588 -0.402732
8 0.106406 -0.799804 -2.33727 -0.015 -0.005 0.015 0.159622 0.878794 -0.449713
9 0.106346 -0.799815 -2.33728 -0.02 -0.02 -0.01 0.186791 0.852927 -0.487467
10 0.10636 -0.799837 -2.33722 0.015 -0.015 0.015 0.119407 0.873058 -0.472769
11 0.10628 -0.799803 -2.33728 -0.005 1.11759e-10 -0.02 0.145114 0.879944 -0.452371
12 0.10644 -0.799916 -2.33724 -0.02 1.11759e-10 -0.01 0.264784 0.873949 -0.407556
13 0.106435 -0.799974 -2.33751 -0.02 1.11759e-10 -0.01 0.187667 0.879994 -0.43634
14 0.106496 -0.800096 -2.33735 -0.01 -0.015 -0.015 0.136813 0.877376 -0.459884
15 0.106654 -0.800155 -2.3375 -0.01 0.01 0.01 0.0857741 0.890912 -0.446002
16 0.106725 -0.800176 -2.33758 1.11759e-10 -0.015 0.015 0.117563 0.922705 -0.367143
17 0.106855 -0.800216 -2.33759 0.005 -0.01 0.015 0.177913 0.884875 -0.430515
18 0.106961 -0.800192 -2.33766 0.01 -0.01 -0.01 0.190575 0.872704 -0.44952
19 0.107222 -0.800205 -2.33771 -0.01 0.015 -0.02 0.161479 0.897403 -0.4106
20 0.107363 -0.800197 -2.3377 -0.02 -0.02 -0.01 0.115592 0.881303 -0.458196
21 0.107585 -0.800161 -2.33771 -0.02 0.02 1.11759e-10 0.136375 0.908752 -0.394425
22 0.107803 -0.800156 -2.33774 -0.01 0.005 -0.02 0.111691 0.931539 -0.346065
23 0.108069 -0.800178 -2.3378 0.02 0.02 0.015 0.184603 0.922398 -0.339269
24 0.108122 -0.800202 -2.33779 0.02 1.11759e-10 0.01 0.191507 0.911043 -0.365139
25 0.10806 -0.800284 -2.33792 -0.02 -0.005 0.02 0.205185 0.892655 -0.401331
26 0.108304 -0.800489 -2.33753 0.005 0.02 -0.015 0.193287 0.872513 -0.448733
27 0.108308 -0.800546 -2.33748 0.005 -0.01 -0.005 0.139311 0.884022 -0.446203
28 0.108557 -0.800789 -2.33712 0.015 -0.005 0.005 0.185313 0.848987 -0.494853
29 0.108745 -0.800921 -2.33663 0.005 0.01 0.02 0.0365461 0.854896 -0.51751
30 0.108953 -0.800993 -2.33647 0.01 -0.02 -0.005 0.130456 0.8645 -0.485407
31 0.109252 -0.801037 -2.33616 1.11759e-10 -0.015 -0.01 0.0837182 0.900303 -0.427137
32 0.109383 -0.801074 -2.33604 -0.01 0.015 0.015 0.180827 0.853438 -0.48882
33 0.109716 -0.801137 -2.33576 -0.005 -0.015 0.005 0.101334 0.861104 -0.498228
34 0.109912 -0.80123 -2.33557 0.015 -0.015 0.02 0.124681 0.896481 -0.425177
35 0.11024 -0.801289 -2.33534 0.005 -0.005 0.005 0.12805 0.895022 -0.427245
36 0.110407 -0.801358 -2.33524 -0.01 -0.01 0.005 0.168328 0.882064 -0.440032
37 0.11074 -0.801438 -2.33497 -0.005 1.11759e-10 -0.02 0.218813 0.8631 -0.455169
38 0.110953 -0.801495 -2.33486 0.015 -0.02 -0.01 0.199614 0.8692 -0.452379
39 0.111232 -0.801515 -2.3347 -0.005 -0.015 -0.01 0.0403458 0.923931 -0.380425
40 0.11143 -0.80156 -2.33452 1.11759e-10 0.005 0.02 0.122852 0.92294 -0.364815
41 0.11166 -0.801597 -2.33438 -0.015 0.015 0.015 0.246765 0.843443 -0.477192
42 0.1118 -0.801585 -2.33433 -0.015 -0.01 -0.005 0.247011 0.878348 -0.409255
43 0.112223 -0.801699 -2.33395 -0.005 -0.015 -0.005 0.243589 0.852681 -0.462167
44 0.112243 -0.801733 -2.33381 0.005 -0.005 -0.02 0.148773 0.902243 -0.404752
45 0.112366 -0.801817 -2.33374 0.015 -0.01 1.11759e-10 0.122896 0.918019 -0.377012
46 0.112355 -0.801843 -2.33357 0.02 -0.005 0.01 0.214557 0.870853 -0.442244
47 0.112501 -0.801975 -2.33346 -0.01 0.01 -0.02 0.101567 0.873664 -0.475811
48 0.112607 -0.801968 -2.33332 0.005 0.015 0.005 0.0991817 0.893008 -0.438975
49 0.112722 -0.802033 -2.33316 0.01 -0.015 -0.015 0.121573 0.888199 -0.443083
50 0.112761 -0.80201 -2.33302 -0.015 0.015 -0.02 0.141504 0.867714 -0.476497
51 0.112923 -0.80203 -2.33279 0.005 1.11759e-10 0.005 0.143928 0.893586 -0.425192
52 0.112916 -0.80201 -2.33272 0.005 0.005 1.11759e-10 0.11174 0.861878 -0.494652
53 0.10616 -0.799366 -2.33912 0.01 0.02 0.005 0.198528 0.889605 -0.411326
54 0.1072 -0.799765 -2.33794 -0.005 1.11759e-10 -0.02 0.162312 0.856441 -0.490065
55 0.107653 -0.799898 -2.33741 -0.02 -0.02 1.11759e-10 0.162654 0.885192 -0.435865
56 0.10749 -0.799775 -2.33738 0.015 -0.015 0.02 0.14983 0.890375 -0.429864
57 0.107422 -0.799743 -2.33738 0.015 1.11759e-10 -0.005 0.168237 0.868201 -0.466822
58 0.107333 -0.799667 -2.33724 0.005 -0.01 0.015 0.17746 0.857474 -0.482955
59 0.107161 -0.799676 -2.3371 0.005 1.11759e-10 0.005 0.136772 0.933221 -0.332254
60 0.107057 -0.799663 -2.33721 -0.015 -0.005 1.11759e-10 0.146297 0.851214 -0.504016
61 0.107033 -0.799628 -2.33708 0.02 -0.01 -0.005 0.146143 0.848493 -0.508627
62 0.106809 -0.799695 -2.33708 -0.005 -0.02 -0.015 0.105073 0.85516 -0.507603
63 0.10671 -0.799707 -2.33703 0.02 -0.02 -0.005 0.194782 0.865735 -0.461045
64 0.106421 -0.799723 -2.33699 1.11759e-10 -0.015 -0.02 0.171596 0.865279 -0.471006
65 0.106173 -0.799716 -2.33688 0.01 -0.015 1.11759e-10 0.128469 0.884123 -0.449246
66 0.105784 -0.799653 -2.33679 -0.015 -0.005 0.01 0.220593 0.849391 -0.479451
67 0.105374 -0.799631 -2.33666 1.11759e-10 0.015 -0.005 0.156111 0.877168 -0.454098
68 0.105079 -0.79957 -2.33654 -0.005 -0.02 -0.02 0.132309 0.861128 -0.49087
69 0.104644 -0.799583 -2.33649 -0.015 0.02 -0.02 0.188268 0.865604 -0.463987
70 0.104244 -0.799575 -2.33641 0.02 0.02 0.015 0.076322 0.845891 -0.527867
71 0.104002 -0.799545 -2.33645 0.01 -0.01 -0.005 0.132617 0.899257 -0.416832
72 0.103976 -0.799676 -2.33627 -0.005 -0.005 0.005 0.117428 0.901718 -0.416072
73 0.103769 -0.799774 -2.33645 0.02 0.02 0.015 0.272712 0.811659 -0.516563
74 0.103678 -0.799915 -2.33632 -0.005 -0.005 0.01 0.190492 0.796851 -0.57336
75 0.103579 -0.800007 -2.33651 0.015 0.015 0.01 0.16735 0.866458 -0.470366
76 0.103443 -0.800087 -2.33658 0.015 0.015 -0.02 0.163882 0.87838 -0.448989
77 0.103507 -0.800078 -2.33659 0.01 -0.015 0.015 0.204805 0.878312 -0.432
78 0.103643 -0.800007 -2.33655 -0.005 1.11759e-10 0.02 0.189341 0.868177 -0.458715
79 0.103765 -0.799953 -2.33662 -0.005 -0.015 0.02 0.200771 0.780015 -0.592679
80 0.103912 -0.799842 -2.33657 0.01 0.005 -0.005 0.0260205 0.92769 -0.372443
81 0.104077 -0.799753 -2.33661 0.005 0.015 1.11759e-10 0.17918 0.836629 -0.517635
82 0.104318 -0.799629 -2.33665 -0.005 0.02 0.02 0.0488545 0.878895 -0.474508
83 0.104461 -0.799504 -2.33664 -0.015 1.11759e-10 -0.015 0.106995 0.899466 -0.423689
84 0.104605 -0.799395 -2.33667 0.02 -0.015 0.015 0.148595 0.845476 -0.512922
85 0.104757 -0.799231 -2.33661 -0.015 -0.015 -0.015 0.111004 0.899951 -0.421623
86 0.104685 -0.799065 -2.33661 0.005 -0.015 0.01 0.254203 0.827057 -0.501356
87 0.104837 -0.798966 -2.33656 0.005 0.005 0.005 0.139191 0.911717 -0.386521
88 0.10487 -0.798848 -2.33651 0.01 1.11759e-10 0.01 0.142681 0.89662 -0.419184
89 0.104975 -0.798752 -2.33624 -0.005 0.01 1.11759e-10 0.158498 0.885653 -0.43646
90 0.105061 -0.798532 -2.33638 1.11759e-10 -0.02 -0.005 0.211533 0.858651 -0.466875
91 0.105275 -0.798397 -2.33628 1.11759e-10 -0.015 1.11759e-10 0.101922 0.892534 -0.439313
92 0.105424 -0.798224 -2.33628 1.11759e-10 0.005 0.01 0.222831 0.892405 -0.392377
93 0.105951 -0.798054 -2.33636 -0.015 0.01 1.11759e-10 0.192504 0.879162 -0.435908
94 0.106034 -0.797928 -2.33646 0.015 -0.01 -0.015 0.245838 0.902654 -0.353242
95 0.106037 -0.797881 -2.33645 -0.005 0.005 1.11759e-10 0.148207 0.880035 -0.451191
96 0.106059 -0.797805 -2.33627 -0.015 1.11759e-10 1.11759e-10 0.124063 0.908716 -0.398553
97 0.105923 -0.797753 -2.33619 0.02 -0.01 -0.015 0.137032 0.930531 -0.339609
98 0.105556 -0.797723 -2.33616 -0.01 0.02 0.005 0.138916 0.926394 -0.349996
99 0.105265 -0.797682 -2.33611 -0.015 0.015 0.01 0.206047 0.834989 -0.510233
100 0.105147 -0.797689 -2.33601 0.01 -0.01 -0.015 0.144806 0.866686 -0.477375
101 0.10495 -0.797643 -2.33617 0.02 0.005 0.015 0.0552006 0.885605 -0.461148
102 0.105072 -0.797777 -2.33604 1.11759e-10 1.11759e-10 1.11759e-10 0.237527 0.901413 -0.361988
103 0.104912 -0.797864 -2.33613 0.01 1.11759e-10 1.11759e-10 0.123791 0.814919 -0.5662
104 0.10467 -0.797868 -2.33592 0.01 -0.02 0.02 0.13011 0.897358 -0.421686
105 0.104239 -0.797853 -2.3359 1.11759e-10 0.015 0.01 0.126971 0.879993 -0.457702
106 0.103742 -0.797777 -2.33559 -0.005 1.11759e-10 -0.01 0.212396 0.861499 -0.461201
107 0.102746 -0.797499 -2.33523 0.015 -0.005 1.11759e-10 0.107894 0.87136 -0.478635
108 0.102746 -0.797499 -2.33523 -0.005 -0.02 0.005 0.0714634 0.96195 -0.263712
109 0.102229 -0.797416 -2.33532 1.11759e-10 0.005 0.015 0.07158 0.866926 -0.493271
110 0.10177 -0.797331 -2.33551 0.015 0.01 -0.005 0.14265 0.880707 -0.451671
111 0.101535 -0.797359 -2.33576 1.11759e-10 0.015 0.005 0.167232 0.912372 -0.373646
112 0.101436 -0.797518 -2.33626 -0.005 0.02 0.015 0.247081 0.918296 -0.309326
113 0.101493 -0.797749 -2.33677 0.01 -0.005 0.01 0.144788 0.90102 -0.4089
114 0.103593 -0.797658 -2.33532 -0.015 -0.005 -0.005 0.133252 0.861809 -0.489417
115 0.103568 -0.797773 -2.33565 -0.01 0.005 -0.005 0.108268 0.84915 -0.516935
116 0.103471 -0.797826 -2.33592 0.01 0.02 0.02 0.031267 0.909241 -0.415094
117 0.104032 -0.797756 -2.33618 -0.015 -0.005 1.11759e-10 0.0942756 0.940202 -0.327311
118 0.104144 -0.797751 -2.33599 -0.015 -0.005 0.005 0.110497 0.935871 -0.334569
119 0.104123 -0.797582 -2.33608 0.015 -0.015 -0.005 0.0432704 0.934605 -0.353046
120 0.103844 -0.797441 -2.33598 0.005 0.015 0.02 0.037523 0.910156 -0.412563
121 0.103665 -0.797316 -2.33569 0.01 1.11759e-10 1.11759e-10 0.186454 0.884854 -0.426929
122 0.103665 -0.797316 -2.33569 -0.015 -0.01 1.11759e-10 0.177425 0.880257 -0.440078
123 0.103295 -0.797282 -2.33538 1.11759e-10 0.01 0.015 0.12615 0.864838 -0.485944
124 0.103231 -0.797293 -2.33536 1.11759e-10 0.02 1.11759e-10 0.148008 0.897323 -0.415818
125 0.103152 -0.797342 -2.33538 0.01 -0.015 0.02 0.166314 0.87674 -0.451295
126 0.10312 -0.797475 -2.33553 0.02 -0.02 0.01 0.100838 0.970764 -0.217828
127 0.103244 -0.797554 -2.33544 0.01 0.015 0.02 0.157078 0.891445 -0.425032
128 0.103114 -0.797639 -2.33561 1.11759e-10 -0.015 -0.005 0.196845 0.862895 -0.465472
129 0.10314 -0.797627 -2.33546 0.005 0.015 -0.02 0.0816025 0.918812 -0.386168
130 0.102866 -0.797574 -2.33551 -0.02 -0.01 -0.005 0.176217 0.878656 -0.443747
131 0.102678 -0.797538 -2.3353 0.005 -0.02 0.015 0.182551 0.926845 -0.328076
132 0.102533 -0.797423 -2.33509 0.01 -0.005 -0.005 0.152824 0.89606 -0.416799
133 0.102397 -0.797495 -2.33485 -0.015 -0.01 0.02 0.0665036 0.874358 -0.480703
134 0.102301 -0.797545 -2.33505 0.01 0.01 0.015 0.0581777 0.903161 -0.425342
135 0.102344 -0.797691 -2.33504 -0.01 -0.01 0.005 0.124855 0.920145 -0.371139
136 0.101996 -0.797918 -2.33517 -0.015 -0.01 -0.015 0.129502 0.894809 -0.427253
137 0.101753 -0.798171 -2.33524 -0.015 1.11759e-10 -0.005 0.106422 0.920553 -0.375841
138 0.101636 -0.798302 -2.33529 -0.02 0.01 -0.005 0.196563 0.910584 -0.363592
139 0.101412 -0.798378 -2.33529 1.11759e-10 0.02 0.005 0.20858 0.886965 -0.412053
140 0.101324 -0.798297 -2.33515 0.005 1.11759e-10 0.005 0.197122 0.900439 -0.387752
141 0.10109 -0.798127 -2.3351 0.005 1.11759e-10 1.11759e-10 0.156404 0.921022 -0.356729
142 0.101208 -0.797882 -2.33479 -0.02 -0.01 0.01 0.0776438 0.909774 -0.407778
143 0.101166 -0.797637 -2.33465 -0.02 -0.005 -0.015 0.0859848 0.872188 -0.481555
144 0.101101 -0.797449 -2.33448 0.015 -0.02 1.11759e-10 0.177797 0.929004 -0.324561
145 0.100935 -0.797308 -2.33433 0.005 -0.015 0.01 0.0946001 0.887325 -0.451338
146 0.100893 -0.797325 -2.33423 -0.02 -0.015 -0.02 0.217228 0.898366 -0.381773
147 0.100772 -0.797211 -2.33404 -0.02 -0.015 0.015 0.128887 0.939842 -0.316363
148 0.100717 -0.797088 -2.33383 -0.005 0.005 -0.005 0.0982114 0.927167 -0.361545
149 0.100767 -0.796882 -2.33392 -0.02 0.005 0.01 0.0782186 0.902147 -0.42428
150 0.100976 -0.796802 -2.33394 -0.01 0.005 0.02 0.163197 0.871244 -0.462926
151 0.100886 -0.79675 -2.33434 0.02 -0.015 0.015 0.0493194 0.91963 -0.389677
152 0.100888 -0.796636 -2.3347 0.015 -0.02 -0.005 0.244772 0.879309 -0.408538
153 0.100954 -0.796519 -2.33499 1.11759e-10 -0.005 0.015 0.0606026 0.894701 -0.442535
154 0.100999 -0.796259 -2.33532 0.01 -0.015 0.005 0.171533 0.881706 -0.439512
155 0.100938 -0.795754 -2.33533 0.02 0.005 1.11759e-10 0.0989035 0.892631 -0.439805
156 0.101285 -0.795456 -2.33496 0.015 0.005 -0.02 0.083947 0.939145 -0.333107
157 0.101456 -0.794948 -2.33453 -0.005 0.015 0.02 0.100372 0.92678 -0.361945
158 0.10166 -0.794488 -2.33413 0.015 0.02 0.02 0.140462 0.910196 -0.389633
159 0.101883 -0.793964 -2.33365 0.015 0.01 1.11759e-10 0.0610272 0.964368 -0.257428
160 0.101959 -0.793567 -2.33327 0.015 0.005 -0.005 0.111935 0.907349 -0.405201
161 0.102061 -0.793313 -2.3329 0.015 1.11759e-10 -0.005 0.128437 0.915653 -0.380899
162 0.102327 -0.793121 -2.3326 -0.005 0.005 0.02 0.132867 0.90446 -0.405338
163 0.102396 -0.792952 -2.33225 -0.02 -0.005 0.01 0.166984 0.928563 -0.331491
164 0.102468 -0.792856 -2.33206 -0.015 0.02 -0.015 0.208903 0.934825 -0.287163
165 0.102564 -0.792903 -2.33179 0.005 0.005 0.01 0.170275 0.927666 -0.332328
166 0.102689 -0.793133 -2.33161 -0.005 -0.02 -0.01 0.116503 0.929995 -0.34862
167 0.10275 -0.793473 -2.33152 -0.015 -0.005 0.015 0.116069 0.913093 -0.390884
168 0.102802 -0.794024 -2.33155 -0.005 -0.005 0.02 0.217628 0.881045 -0.419997
169 0.102861 -0.794551 -2.33159 0.015 -0.005 0.01 0.23628 0.915986 -0.324254
170 0.102985 -0.795022 -2.33163 0.01 -0.02 -0.015 0.175331 0.909121 -0.377834
171 0.103147 -0.795389 -2.3317 1.11759e-10 -0.01 0.01 0.144799 0.901205 -0.408487
172 0.103334 -0.795523 -2.3316 -0.02 -0.02 -0.015 0.172955 0.944523 -0.279217
173 0.103426 -0.795548 -2.33144 0.01 1.11759e-10 -0.02 0.12207 0.94613 -0.299895
174 0.103524 -0.795435 -2.33129 -0.01 -0.005 1.11759e-10 0.128889 0.943247 -0.306061
175 0.103528 -0.795235 -2.3311 0.01 -0.005 0.005 0.19048 0.925458 -0.327484
176 0.103575 -0.795037 -2.33083 -0.015 -0.005 -0.02 0.144638 0.884897 -0.44276
177 0.10364 -0.794931 -2.33051 0.01 -0.01 0.02 0.0625983 0.926864 -0.370141
178 0.103659 -0.794885 -2.33023 0.005 0.005 0.02 0.158381 0.913241 -0.375376
179 0.103663 -0.794923 -2.33019 -0.005 0.01 0.02 0.150857 0.909282 -0.387877
180 0.103695 -0.795093 -2.33012 0.015 0.01 -0.01 0.129423 0.927031 -0.351941
181 0.103694 -0.795372 -2.33004 0.02 0.005 0.01 0.217873 0.944869 -0.244446
182 0.10379 -0.795624 -2.33003 0.02 1.11759e-10 -0.02 0.174146 0.909795 -0.376757
183 0.103856 -0.795905 -2.33007 -0.02 -0.01 0.015 0.188319 0.906692 -0.37742
184 0.103963 -0.796229 -2.33018 0.01 0.005 0.01 0.0880392 0.901767 -0.423161
185 0.104082 -0.796594 -2.33036 0.015 -0.005 0.01 0.141033 0.931547 -0.335158
186 0.104288 -0.796975 -2.33055 -0.005 -0.02 -0.01 0.218394 0.867475 -0.44698
187 0.104488 -0.79732 -2.33074 1.11759e-10 -0.015 0.01 0.132885 0.875064 -0.465408
188 0.104676 -0.797696 -2.33094 -0.02 -0.01 0.005 0.0955164 0.903781 -0.417201
189 0.104803 -0.798045 -2.33113 -0.015 0.01 0.005 0.169888 0.945959 -0.276224
190 0.104866 -0.798263 -2.33114 -0.005 0.02 -0.01 0.141105 0.829919 -0.539744
191 0.104883 -0.798446 -2.33121 -0.02 -0.01 0.02 0.179397 0.896536 -0.405018
192 0.104914 -0.798582 -2.33116 -0.015 -0.005 0.01 0.175711 0.926698 -0.3322
193 0.104865 -0.798578 -2.33095 -0.01 0.02 0.01 0.115882 0.926259 -0.35863
194 0.104893 -0.798605 -2.33098 -0.01 0.015 0.02 0.123151 0.911311 -0.39287
195 0.104885 -0.798694 -2.33097 0.01 -0.02 -0.005 0.136503 0.910254 -0.390902
196 0.104864 -0.798821 -2.33099 0.01 0.015 -0.005 0.0999131 0.914376 -0.392344
197 0.104926 -0.798919 -2.33093 -0.01 -0.015 0.02 0.244518 0.932962 -0.264184
198 0.105045 -0.79906 -2.331 1.11759e-10 -0.01 0.015 0.124018 0.884686 -0.44939
199 0.105199 -0.799173 -2.33095 0.015 -0.01 1.11759e-10 0.247146 0.890533 -0.381929
200 0.10534 -0.799285 -2.331 0.005 -0.015 -0.01 0.275082 0.900586 -0.336563
201 0.105418 -0.799392 -2.33105 -0.015 0.02 -0.005 0.15117 0.928422 -0.339383
202 0.105364 -0.799571 -2.33102 -0.005 -0.015 0.02 0.216015 0.91841 -0.331453
203 0.105176 -0.799765 -2.33091 0.015 -0.005 0.005 0.109558 0.911431 -0.396598
204 0.104913 -0.800009 -2.33093 -0.02 0.01 0.015 0.204222 0.904031 -0.375528
205 0.10466 -0.800213 -2.33087 0.015 -0.015 0.01 0.165703 0.88929 -0.426269
206 0.104516 -0.800404 -2.33097 -0.015 1.11759e-10 -0.01 0.128971 0.856224 -0.500247
207 0.104383 -0.800588 -2.33089 1.11759e-10 1.11759e-10 0.005 0.0727997 0.948251 -0.309063
208 0.104248 -0.800702 -2.33073 0.005 0.02 -0.005 0.23161 0.888814 -0.395433
209 0.104117 -0.800728 -2.33084 -0.01 -0.015 -0.015 0.142982 0.887777 -0.437502
210 0.104245 -0.800647 -2.33081 1.11759e-10 -0.02 0.01 0.0970828 0.896121 -0.433062
211 0.104278 -0.800508 -2.33075 0.02 0.015 1.11759e-10 0.182829 0.899254 -0.397388
212 0.104437 -0.800279 -2.33062 0.01 -0.005 -0.01 0.17619 0.910357 -0.374443
213 0.104614 -0.799935 -2.33047 0.005 -0.01 0.015 0.200528 0.878346 -0.433931
214 0.104779 -0.799606 -2.3303 0.005 -0.01 0.015 0.191193 0.916032 -0.352604
215 0.104964 -0.799331 -2.33014 0.005 0.005 0.005 0.182459 0.910487 -0.37111
216 0.105153 -0.799233 -2.33006 0.01 0.01 -0.015 0.172557 0.898816 -0.402933
217 0.105316 -0.799207 -2.33002 0.005 0.005 -0.005 0.142862 0.925893 -0.349731
218 0.105554 -0.799253 -2.33 -0.02 0.005 -0.005 0.196436 0.917793 -0.345062
219 0.105858 -0.799356 -2.3301 0.005 -0.005 -0.005 0.149145 0.927847 -0.341841
220 0.106271 -0.799356 -2.33021 0.005 0.005 0.005 0.157732 0.895332 -0.416534
221 0.106816 -0.79943 -2.33036 -0.005 -0.015 -0.01 0.0910958 0.946027 -0.311023
222 0.107482 -0.799483 -2.33047 -0.01 -0.015 0.015 0.285795 0.865881 -0.410573
223 0.108082 -0.799445 -2.33049 1.11759e-10 1.11759e-10 0.015 0.175694 0.949164 -0.261187
224 0.108918 -0.799348 -2.3308 -0.015 -0.005 1.11759e-10 0.191483 0.928808 -0.317253
225 0.109776 -0.799337 -2.33106 0.02 0.02 1.11759e-10 0.214691 0.937281 -0.274614
226 0.110769 -0.799368 -2.33144 0.005 -0.01 0.01 0.184905 0.907034 -0.378284
227 0.111866 -0.799388 -2.33191 1.11759e-10 -0.005 0.02 0.194146 0.913021 -0.358748
228 0.112892 -0.799363 -2.33223 0.015 -0.01 1.11759e-10 0.185182 0.921708 -0.340825
229 0.11351 -0.799194 -2.33247 -0.005 -0.01 -0.015 0.180662 0.912262 -0.367612
230 0.113837 -0.798889 -2.33229 -0.015 0.01 1.11759e-10 0.201836 0.923123 -0.327271
231 0.113652 -0.79847 -2.33195 1.11759e-10 0.005 0.005 0.185331 0.924625 -0.332748
232 0.113012 -0.797923 -2.33147 0.005 0.005 0.005 0.202351 0.925698 -0.319589
233 0.111973 -0.797363 -2.33076 -0.005 0.02 0.01 0.179235 0.940831 -0.287595
234 0.110858 -0.796814 -2.33016 -0.01 0.015 -0.015 0.0844633 0.959399 -0.26911
235 0.109704 -0.796292 -2.32962 0.015 -0.02 1.11759e-10 0.2359 0.954983 -0.179887
236 0.108778 -0.796174 -2.32933 -0.005 0.02 0.02 0.172928 0.938473 -0.29894
237 0.108083 -0.796292 -2.329 -0.02 0.015 -0.01 0.171988 0.947936 -0.268025
238 0.107387 -0.796538 -2.32874 0.02 -0.005 -0.015 0.264351 0.893034 -0.364154
239 0.106951 -0.796883 -2.32883 0.005 -0.01 -0.005 0.215054 0.938807 -0.269061
240 0.106618 -0.797479 -2.32901 1.11759e-10 1.11759e-10 -0.01 0.141835 0.925397 -0.351459
241 0.106438 -0.798254 -2.32915 -0.01 0.015 0.005 0.0978558 0.960522 -0.260424
242 0.106325 -0.7992 -2.32942 1.11759e-10 0.01 1.11759e-10 0.168032 0.935042 -0.312189
243 0.106269 -0.799919 -2.3296 1.11759e-10 0.01 -0.02 0.0781462 0.915431 -0.394814
244 0.106159 -0.800521 -2.32967 0.015 0.015 -0.005 0.0938853 0.959634 -0.26512
245 0.106053 -0.800893 -2.32964 1.11759e-10 0.01 1.11759e-10 0.061797 0.931054 -0.359611
246 0.10594 -0.801202 -2.32967 0.01 -0.005 0.015 0.16126 0.953053 -0.256291
247 0.105863 -0.801357 -2.32958 0.02 -0.02 -0.01 0.0523753 0.932282 -0.35792
248 0.105845 -0.801546 -2.32957 0.005 -0.01 0.02 0.196189 0.942212 -0.271564
249 0.105879 -0.801841 -2.32974 0.02 -0.015 0.02 -0.00203686 0.935495 -0.353334
250 0.106001 -0.802176 -2.32987 0.02 0.02 0.01 0.107983 0.911494 -0.396886
251 0.106144 -0.802673 -2.33022 -0.02 -0.015 -0.015 0.0783932 0.926705 -0.367521
252 0.106395 -0.803307 -2.33043 -0.005 0.015 -0.015 0.154798 0.858003 -0.489764
253 0.106576 -0.803969 -2.33052 0.02 1.11759e-10 0.01 0.172624 0.917268 -0.358917
254 0.106756 -0.804612 -2.33103 -0.01 -0.005 -0.005 0.0719685 0.909903 -0.408531
255 0.107535 -0.797302 -2.33152 0.01 -0.01 0.02 0.128288 0.89673 -0.423578
256 0.104968 -0.798729 -2.33471 0.005 0.01 0.01 0.150963 0.918949 -0.36434
257 0.104968 -0.798729 -2.33471 0.005 0.015 -0.015 0.1479 0.891623 -0.427941
258 0.104803 -0.799105 -2.33488 0.01 0.005 0.01 0.0374804 0.899888 -0.434507
259 0.104692 -0.799338 -2.3351 1.11759e-10 0.005 -0.02 0.113237 0.902778 -0.414934
260 0.104558 -0.799437 -2.33545 -0.005 -0.005 -0.005 0.197323 0.869739 -0.452347
261 0.104365 -0.79942 -2.33586 0.005 -0.015 -0.005 0.124701 0.858232 -0.497883
262 0.104372 -0.799378 -2.33606 0.005 -0.015 -0.01 0.164683 0.889807 -0.425586
263 0.104585 -0.799234 -2.33609 -0.005 0.01 -0.015 0.134017 0.900933 -0.412747
264 0.104745 -0.799178 -2.33641 0.015 -0.015 0.005 0.193626 0.915496 -0.352669
265 0.105034 -0.799085 -2.33644 0.01 0.005 -0.005 0.17253 0.879994 -0.442542
266 0.105382 -0.798961 -2.33647 -0.005 -0.01 1.11759e-10 0.125355 0.912882 -0.3885
267 0.105427 -0.798898 -2.33621 1.11759e-10 1.11759e-10 1.11759e-10 0.0869726 0.867544 -0.489698
268 0.105336 -0.798796 -2.33633 -0.01 -0.005 -0.005 0.197184 0.877332 -0.437501
269 0.105371 -0.798727 -2.33609 0.01 -0.005 0.015 0.141796 0.919419 -0.366827
270 0.105371 -0.798727 -2.33609 -0.005 0.015 1.11759e-10 0.11876 0.868922 -0.480491
271 0.105163 -0.798623 -2.33599 1.11759e-10 -0.005 -0.005 0.109214 0.875382 -0.470933
272 0.104619 -0.79844 -2.33566 -0.005 1.11759e-10 -0.01 0.122661 0.890338 -0.438466
273 0.104619 -0.79844 -2.33566 1.11759e-10 -0.015 -0.015 0.152859 0.887183 -0.435361
274 0.104061 -0.798284 -2.33547 0.02 0.015 0.02 0.062615 0.953906 -0.293501
275 0.103958 -0.79825 -2.33537 -0.01 -0.015 -0.02 0.0778912 0.900941 -0.426893
276 0.103803 -0.798259 -2.3353 0.01 -0.005 -0.015 0.196645 0.911747 -0.360623
277 0.103671 -0.798232 -2.33526 0.005 1.11759e-10 0.02 0.206603 0.892501 -0.400945
278 0.103567 -0.798191 -2.33529 0.01 0.01 0.02 0.148636 0.91917 -0.364738
279 0.103469 -0.798066 -2.33528 1.11759e-10 -0.01 1.11759e-10 0.0732672 0.865274 -0.495916
280 0.103583 -0.798088 -2.33528 -0.015 -0.005 0.005 0.148736 0.87591 -0.458976
281 0.103478 -0.798071 -2.33553 -0.015 0.005 0.02 0.106809 0.832069 -0.544291
282 0.103312 -0.798077 -2.33574 0.01 0.005 -0.015 0.247823 0.849654 -0.465481
283 0.103119 -0.798006 -2.33622 -0.005 0.015 -0.005 0.133989 0.892826 -0.430011
284 0.102974 -0.797901 -2.33655 1.11759e-10 0.01 0.02 0.090476 0.899457 -0.42754
285 0.103032 -0.797792 -2.3368 1.11759e-10 0.01 0.015 0.12281 0.853092 -0.507101
286 0.103052 -0.797574 -2.3371 -0.01 0.01 1.11759e-10 0.175974 0.89583 -0.408071
287 0.102921 -0.797521 -2.33715 -0.02 0.015 0.02 0.172691 0.884284 -0.433843
288 0.102723 -0.797404 -2.33729 0.005 0.005 0.015 0.142763 0.90357 -0.403956
289 0.102612 -0.797303 -2.33733 -0.015 -0.015 -0.005 0.183651 0.902607 -0.389324
290 0.102751 -0.797282 -2.33738 -0.02 -0.02 1.11759e-10 0.203751 0.820994 -0.533342
291 0.103142 -0.797421 -2.33712 -0.005 -0.005 0.015 0.212606 0.901733 -0.376398
292 0.103348 -0.797588 -2.33689 0.01 -0.015 -0.01 0.181913 0.915456 -0.358955
293 0.103586 -0.79789 -2.33671 0.015 -0.01 0.015 0.214254 0.880569 -0.422722
294 0.103716 -0.798169 -2.33645 -0.02 0.015 1.11759e-10 0.190398 0.86925 -0.456239
295 0.103762 -0.798491 -2.33639 -0.015 0.005 -0.02 0.139296 0.918743 -0.36947
296 0.103968 -0.798892 -2.33613 -0.01 0.005 -0.015 0.0798286 0.913362 -0.399246
297 0.104119 -0.799248 -2.3358 -0.02 -0.015 0.005 0.140978 0.919768 -0.366268
298 0.104335 -0.799462 -2.33597 -0.015 0.005 1.11759e-10 0.139532 0.927621 -0.346482
299 0.104667 -0.799779 -2.33588 -0.015 0.01 -0.015 0.194303 0.90635 -0.375201
300 0.104819 -0.800014 -2.33579 0.02 1.11759e-10 0.015 0.136185 0.917872 -0.372779
301 0.0999468 -0.797191 -2.34078 -0.01 0.015 0.01 0.16047 0.852481 -0.497519
302 0.0997888 -0.797235 -2.34099 -0.01 0.015 -0.01 0.19157 0.890002 -0.413761
303 0.0996631 -0.797268 -2.34119 0.015 -0.02 0.015 0.241354 0.870599 -0.428725
304 0.100672 -0.797824 -2.34032 0.015 0.015 -0.015 0.137107 0.917583 -0.373154
305 0.10083 -0.798141 -2.34022 0.02 0.02 0.02 0.147982 0.921477 -0.359139
306 0.10068 -0.79813 -2.34028 0.005 -0.005 -0.02 0.11675 0.934929 -0.335078
307 0.10044 -0.798145 -2.34044 -0.01 1.11759e-10 -0.01 0.160135 0.894505 -0.417393
308 0.100237 -0.79801 -2.34045 0.01 -0.015 0.02 0.120607 0.939089 -0.321818
309 0.099951 -0.797868 -2.34055 -0.015 0.015 1.11759e-10 0.105487 0.924875 -0.365348
310 0.100018 -0.797864 -2.34044 -0.02 -0.015 -0.02 0.169025 0.89307 -0.41696
311 0.100522 -0.798041 -2.3399 -0.005 -0.02 0.015 0.164137 0.891871 -0.421457
312 0.100736 -0.798065 -2.33953 0.005 0.005 0.01 0.0379577 0.923797 -0.380996
313 0.101206 -0.79809 -2.33931 0.005 0.015 0.02 0.197969 0.910239 -0.363695
314 0.101763 -0.798108 -2.33905 0.005 0.005 0.01 0.15832 0.931178 -0.328394
315 0.102251 -0.798163 -2.33875 -0.01 0.005 0.005 0.243286 0.892128 -0.380683
316 0.102558 -0.798204 -2.33846 -0.015 -0.015 1.11759e-10 0.149649 0.924733 -0.349962
317 0.102807 -0.798291 -2.33817 -0.02 1.11759e-10 0.005 0.191031 0.903063 -0.384688
318 0.102843 -0.798369 -2.33787 -0.01 -0.01 0.02 0.24777 0.890757 -0.381001
319 0.102886 -0.798589 -2.33754 -0.01 0.01 0.02 0.162327 0.91998 -0.356774
320 0.102871 -0.798784 -2.33728 -0.015 -0.02 0.02 0.169699 0.898821 -0.404134
321 0.102817 -0.799052 -2.33704 0.01 0.015 0.02 0.248163 0.909643 -0.333113
322 0.102848 -0.799273 -2.33682 1.11759e-10 -0.01 -0.015 0.112854 0.927926 -0.355271
323 0.103173 -0.799551 -2.33676 -0.005 -0.005 -0.015 0.123525 0.885638 -0.447645
324 0.103483 -0.799874 -2.33674 -0.005 0.005 0.015 0.168998 0.905342 -0.38961
325 0.103746 -0.800292 -2.33686 -0.02 -0.01 0.015 0.217904 0.888618 -0.403579
326 0.104104 -0.800839 -2.33674 0.005 -0.005 0.02 0.0982914 0.872599 -0.478445
327 0.104217 -0.80132 -2.33645 -0.01 0.015 0.005 0.167538 0.907704 -0.384713
328 0.0978483 -0.79801 -2.34255 -0.02 -0.02 1.11759e-10 0.220415 0.882534 -0.415393
329 0.0963199 -0.797476 -2.34367 0.005 0.02 -0.015 0.207278 0.882143 -0.422919
330 0.0980152 -0.798501 -2.3417 0.005 0.005 0.015 0.210148 0.869262 -0.447461
331 0.097805 -0.798349 -2.34172 -0.02 -0.02 0.015 0.172172 0.912499 -0.371082
332 0.0980246 -0.798331 -2.3414 0.01 -0.005 -0.01 0.180745 0.892456 -0.413345
333 0.0984767 -0.798323 -2.34103 1.11759e-10 0.015 -0.01 0.21425 0.912159 -0.349375
334 0.0988014 -0.798343 -2.34063 -0.02 0.015 0.015 0.120653 0.909955 -0.396767
335 0.0993944 -0.798484 -2.34035 -0.02 -0.015 -0.005 0.122711 0.905545 -0.406116
336 0.100083 -0.79867 -2.34022 0.01 0.02 -0.01 0.208049 0.907525 -0.364848
337 0.100898 -0.798913 -2.34001 -0.005 1.11759e-10 0.01 0.251795 0.858035 -0.447632
338 0.101558 -0.799085 -2.33981 0.02 -0.015 0.01 0.155482 0.882795 -0.443281
339 0.102232 -0.799191 -2.3395 0.01 -0.015 1.11759e-10 0.190829 0.930066 -0.313944
340 0.102577 -0.799276 -2.33954 -0.01 -0.005 -0.02 0.243855 0.88494 -0.396758
341 0.0988034 -0.796989 -2.34359 -0.005 0.02 0.015 0.182301 0.908171 -0.376818
342 0.0997655 -0.79743 -2.34273 1.11759e-10 0.01 0.01 0.181839 0.911717 -0.368384
343 0.10016 -0.797572 -2.34275 0.005 0.015 -0.015 0.233292 0.894787 -0.380699
344 0.10019 -0.797618 -2.34285 0.015 0.02 0.015 0.186815 0.921162 -0.341409
345 0.100221 -0.797611 -2.34294 -0.02 0.01 1.11759e-10 0.146461 0.893504 -0.424499
346 0.100203 -0.797615 -2.34295 -0.015 -0.02 -0.005 0.196175 0.902897 -0.382482
347 0.10012 -0.797615 -2.34287 0.02 0.015 -0.005 0.19113 0.91237 -0.362007
348 0.0997929 -0.79769 -2.34288 0.005 0.01 0.005 0.215628 0.886163 -0.410147
349 0.0996249 -0.797824 -2.34281 -0.02 -0.015 0.015 0.251439 0.903041 -0.348274
350 0.0994367 -0.798027 -2.34296 1.11759e-10 -0.005 1.11759e-10 0.180665 0.908278 -0.377348
351 0.099375 -0.798279 -2.34304 0.01 0.005 -0.005 0.195545 0.908919 -0.368277
352 0.09943 -0.798516 -2.3432 -0.02 -0.02 -0.005 0.178523 0.903528 -0.389573
353 0.0994841 -0.798749 -2.3434 0.02 0.02 0.015 0.170381 0.919754 -0.353586
354 0.099369 -0.798902 -2.34348 1.11759e-10 -0.01 0.01 0.135544 0.948633 -0.285874
355 0.107378 -0.797697 -2.33638 -0.015 0.01 -0.02 0.127718 0.873687 -0.469424
356 0.0987194 -0.799165 -2.34437 0.02 0.015 -0.01 0.173269 0.924191 -0.340366
357 0.0989913 -0.799222 -2.34403 0.015 -0.005 -0.01 0.11942 0.924893 -0.360988
358 0.0992984 -0.799142 -2.34378 0.015 0.02 0.01 0.212696 0.916985 -0.337488
359 0.0993991 -0.799286 -2.34362 0.005 0.02 -0.015 0.120431 0.92552 -0.35904
360 0.0994794 -0.799569 -2.34339 0.005 0.01 0.005 0.194925 0.898408 -0.393533
361 0.0996231 -0.79991 -2.34322 -0.015 0.005 -0.005 0.211722 0.881034 -0.423029
362 0.0994175 -0.800291 -2.34329 0.015 0.005 0.02 0.146583 0.912241 -0.382532
363 0.0992922 -0.800565 -2.34307 0.015 1.11759e-10 -0.01 0.231955 0.873148 -0.42873
364 0.0991593 -0.800736 -2.34285 0.02 -0.005 1.11759e-10 0.148861 0.877439 -0.456005
365 0.0992724 -0.800951 -2.3427 0.015 0.005 0.02 0.156001 0.910158 -0.383766
366 0.0994596 -0.800998 -2.34246 0.015 1.11759e-10 -0.02 0.208086 0.905648 -0.369461
367 0.0996343 -0.800929 -2.34233 0.005 1.11759e-10 0.02 0.236599 0.869047 -0.434486
368 0.0998863 -0.800567 -2.3419 1.11759e-10 0.005 0.015 0.189915 0.875075 -0.445169
369 0.100113 -0.799842 -2.34163 1.11759e-10 0.01 0.02 0.141245 0.897345 -0.418117
370 0.100534 -0.799084 -2.34083 -0.015 -0.01 0.015 0.131373 0.889433 -0.437778
371 0.10074 -0.798483 -2.34034 -0.02 0.02 0.015 0.160111 0.911012 -0.380029
372 0.101016 -0.798102 -2.33984 -0.01 -0.005 -0.01 0.190336 0.898601 -0.395334
373 0.100999 -0.79805 -2.33971 -0.005 0.015 1.11759e-10 0.165688 0.908684 -0.383198
374 0.100541 -0.798419 -2.34002 -0.015 -0.01 0.01 0.225359 0.879286 -0.419607
375 0.101013 -0.798824 -2.33938 0.02 -0.005 -0.005 0.176275 0.935539 -0.306094
376 0.10065 -0.799367 -2.33964 1.11759e-10 -0.02 1.11759e-10 0.158009 0.905004 -0.39497
377 0.100754 -0.799732 -2.33996 -0.005 0.005 -0.005 0.0817423 0.874137 -0.478751
378 0.101038 -0.799957 -2.33998 0.01 -0.015 1.11759e-10 0.184716 0.886568 -0.42412
379 0.101809 -0.799942 -2.34002 0.015 1.11759e-10 0.015 0.228633 0.850669 -0.47338
380 0.102135 -0.799408 -2.34002 -0.02 -0.01 0.015 0.175619 0.864854 -0.470303
381 0.102502 -0.79853 -2.33937 0.01 -0.01 0.02 0.151353 0.913831 -0.376835
382 0.102215 -0.798045 -2.33881 0.005 1.11759e-10 -0.02 0.179542 0.872232 -0.454946
383 0.101281 -0.797701 -2.33825 -0.01 -0.02 -0.01 0.231211 0.884481 -0.405258
384 0.10029 -0.797117 -2.33764 -0.005 -0.015 0.015 0.0807147 0.962858 -0.25766
385 0.100247 -0.796662 -2.33724 1.11759e-10 0.005 0.005 0.274377 0.897115 -0.346268
386 0.100248 -0.79634 -2.33682 -0.01 0.015 0.015 0.115053 0.908797 -0.401062
387 0.100425 -0.796092 -2.33601 -0.005 -0.01 -0.01 0.224254 0.878671 -0.421483
388 0.100676 -0.795822 -2.3361 0.005 0.02 -0.005 0.214553 0.916636 -0.337261
389 0.101243 -0.796019 -2.33615 0.005 -0.01 1.11759e-10 0.111116 0.920802 -0.373867
390 0.101895 -0.796549 -2.33639 0.01 0.02 -0.01 0.158735 0.926301 -0.341715
391 0.102704 -0.797278 -2.33712 -0.005 0.02 -0.01 0.114611 0.911843 -0.394216
392 0.103248 -0.798164 -2.33775 -0.01 0.02 0.005 0.145413 0.86277 -0.484235
393 0.103235 -0.798759 -2.33802 -0.02 0.01 -0.015 0.15427 0.895464 -0.417547
394 0.103122 -0.798893 -2.33799 -0.005 0.01 0.005 0.189354 0.902981 -0.385708
395 0.103135 -0.798857 -2.33788 -0.01 -0.02 0.015 0.21171 0.876059 -0.433242
396 0.103277 -0.798733 -2.33756 -0.015 0.005 -0.015 0.132192 0.899271 -0.416938
397 0.10359 -0.79866 -2.33745 -0.015 0.02 0.02 0.13904 0.887802 -0.43872
398 0.104009 -0.798677 -2.33753 0.005 -0.005 -0.01 0.155101 0.874875 -0.458843
399 0.104169 -0.79865 -2.33758 -0.02 -0.015 -0.015 0.127259 0.885491 -0.446891
