0 -0.141069 -0.830671 -2.37032 0.02 0.02 0.015 -0.0110798 0.898337 -0.439168
1 -0.142213 -0.830493 -2.37036 0.01 -0.015 0.01 0.0646724 0.898677 -0.433816
2 -0.142213 -0.830493 -2.37036 -0.01 0.01 -0.015 0.0255612 0.899963 -0.435217
3 -0.142914 -0.830391 -2.3704 0.01 -0.005 -0.015 0.0651894 0.909978 -0.409501
4 -0.144005 -0.831291 -2.37138 -0.02 1.11759e-10 1.11759e-10 0.0142694 0.870713 -0.491585
5 -0.144005 -0.831291 -2.37138 0.02 0.005 0.02 -0.0147548 0.908007 -0.418695
6 -0.145013 -0.83008 -2.37032 -0.02 -0.015 0.02 -0.045794 0.875669 -0.480735
7 -0.147457 -0.829798 -2.37209 -0.01 -0.02 -0.02 -0.0349657 0.901376 -0.431623
8 -0.147457 -0.829798 -2.37209 -0.02 -0.01 0.01 -0.0597466 0.909758 -0.410817
9 -0.148167 -0.829847 -2.37222 0.015 0.005 -0.02 -0.118634 0.874746 -0.469835
10 -0.149684 -0.830061 -2.37108 1.11759e-10 -0.015 0.01 -0.0940351 0.886713 -0.452657
11 -0.149743 -0.829832 -2.37234 0.01 -0.015 -0.02 -0.0796389 0.89832 -0.432063
12 -0.150035 -0.829849 -2.37237 -0.02 0.005 -0.01 -0.160284 0.918894 -0.360476
13 -0.150296 -0.82988 -2.3723 0.015 0.015 -0.02 -0.0937796 0.891407 -0.443394
14 -0.150495 -0.829883 -2.37222 -0.01 0.005 0.015 -0.0993861 0.880287 -0.463916
15 -0.150631 -0.82987 -2.37205 0.01 -0.005 0.02 -0.163297 0.869276 -0.466575
16 -0.150605 -0.82984 -2.37201 1.11759e-10 -0.02 -0.005 -0.104357 0.899653 -0.423951
17 -0.150461 -0.829741 -2.37193 0.015 -0.005 0.02 -0.127546 0.901856 -0.412779
18 -0.150283 -0.829657 -2.37188 -0.02 -0.015 0.02 -0.0772944 0.877692 -0.472951
19 -0.150061 -0.829574 -2.37171 0.005 0.015 0.015 -0.0842311 0.891476 -0.445169
20 -0.149796 -0.829465 -2.37157 0.005 0.015 -0.015 -0.0999424 0.873699 -0.47609
21 -0.149441 -0.829314 -2.37139 -0.01 0.015 0.01 -0.128712 0.926318 -0.354075
22 -0.149032 -0.829147 -2.37132 0.005 0.01 0.015 -0.0943289 0.879385 -0.466673
23 -0.148662 -0.830889 -2.37375 1.11759e-10 0.01 0.015 -0.0414582 0.906498 -0.420169
24 -0.148237 -0.830949 -2.37386 0.01 1.11759e-10 1.11759e-10 -0.0575191 0.910974 -0.408433
25 -0.147826 -0.830472 -2.37312 0.01 -0.02 0.005 -0.0728243 0.908085 -0.412407
26 -0.147444 -0.830375 -2.37311 0.02 -0.005 -0.01 -0.066747 0.919235 -0.388011
27 -0.146999 -0.83028 -2.37301 1.11759e-10 -0.005 1.11759e-10 -0.0599145 0.911137 -0.407725
28 -0.146598 -0.829968 -2.37275 -0.01 0.005 -0.02 -0.116117 0.905258 -0.408686
29 -0.14594 -0.829303 -2.3721 0.02 -0.02 -0.02 -0.0822595 0.916927 -0.390484
30 -0.145208 -0.82859 -2.37137 1.11759e-10 0.02 -0.02 -0.0607 0.930625 -0.360905
31 -0.144643 -0.828008 -2.37071 -0.01 0.015 0.01 -0.0408357 0.902266 -0.429242
32 -0.144229 -0.827638 -2.37046 0.02 -0.005 0.02 -0.132828 0.909394 -0.394155
33 -0.143682 -0.826805 -2.36966 -0.02 -0.01 -0.005 -0.0478129 0.920796 -0.387104
34 -0.142902 -0.825868 -2.36858 0.02 0.015 -0.01 -0.00970343 0.930601 -0.365907
35 -0.142559 -0.825123 -2.36801 0.015 1.11759e-10 0.015 0.0109668 0.907756 -0.419356
36 -0.142226 -0.82447 -2.36755 0.01 0.015 1.11759e-10 -0.0694584 0.936562 -0.34355
37 -0.142521 -0.824051 -2.36756 0.01 0.01 -0.005 -0.0584898 0.916896 -0.394817
38 -0.142434 -0.823252 -2.36695 -0.02 -0.005 -0.015 -0.0203093 0.949938 -0.311776
39 -0.14239 -0.823018 -2.36711 0.02 1.11759e-10 0.015 -0.0306921 0.953756 -0.299011
40 -0.142357 -0.82139 -2.36531 0.015 -0.01 1.11759e-10 -0.00488691 0.95751 -0.288357
41 -0.142362 -0.820504 -2.36439 0.015 0.015 -0.01 -0.0546064 0.972274 -0.227381
42 -0.142363 -0.82028 -2.36426 -0.005 -0.015 0.005 -0.0778292 0.974878 -0.208698
43 -0.142831 -0.81914 -2.36332 0.015 0.005 -0.015 -0.0894364 0.942804 -0.321126
44 -0.142807 -0.818187 -2.362 0.02 0.015 0.015 -0.0401575 0.959666 -0.278261
45 -0.143111 -0.817889 -2.36198 1.11759e-10 0.015 1.11759e-10 -0.0761574 0.968136 -0.238564
46 -0.14335 -0.817301 -2.36146 -0.005 -0.015 -0.01 -0.0633472 0.976935 -0.203924
47 -0.143392 -0.816768 -2.36069 -0.015 -0.01 1.11759e-10 -0.0574458 0.970213 -0.235342
48 -0.143282 -0.816321 -2.36014 -0.01 0.01 1.11759e-10 -0.0605442 0.971049 -0.231082
49 -0.14305 -0.815879 -2.35949 0.02 -0.015 0.005 -0.0527878 0.976687 -0.208078
50 -0.143101 -0.815457 -2.35907 0.005 0.005 0.02 -0.0945925 0.974908 -0.201512
51 -0.142905 -0.815091 -2.35864 -0.015 0.01 0.015 -0.102364 0.973689 -0.203595
52 -0.142702 -0.814627 -2.35807 0.02 0.01 0.01 -0.111766 0.970785 -0.21233
53 -0.142729 -0.814749 -2.35814 0.015 -0.02 0.02 -0.0650723 0.981327 -0.181004
54 -0.142327 -0.813823 -2.35697 -0.01 -0.015 0.005 -0.0848528 0.986198 -0.142171
55 -0.142229 -0.813471 -2.35654 -0.02 1.11759e-10 0.005 -0.0777259 0.985708 -0.14946
56 -0.142015 -0.813079 -2.35604 1.11759e-10 -0.02 0.015 -0.0987151 0.984038 -0.148067
57 -0.141887 -0.812767 -2.35553 -0.01 -0.005 0.02 -0.0782271 0.981508 -0.174709
58 -0.141714 -0.812315 -2.35493 0.005 -0.01 0.015 -0.0935713 0.991273 -0.0928603
59 -0.141491 -0.811939 -2.35437 0.01 -0.015 1.11759e-10 -0.0961581 0.992961 -0.0691568
60 -0.141267 -0.811442 -2.35364 0.015 0.01 0.02 -0.0933081 0.986292 -0.136093
61 -0.141066 -0.811156 -2.35316 0.005 0.015 0.005 -0.0657299 0.992318 -0.104809
62 -0.140808 -0.810793 -2.35268 -0.015 -0.015 -0.01 -0.0973296 0.99199 -0.0805177
63 -0.141173 -0.81155 -2.35333 0.01 -0.005 0.01 -0.0737702 0.992328 -0.0992146
64 -0.140384 -0.809979 -2.35147 1.11759e-10 -0.005 0.015 -0.0957552 0.992833 -0.0715129
65 -0.14021 -0.809776 -2.35106 -0.005 0.005 -0.015 -0.10203 0.990153 -0.0958502
66 -0.140116 -0.809467 -2.3506 -0.005 1.11759e-10 0.01 -0.105748 0.990442 -0.0885507
67 -0.140057 -0.809229 -2.35017 -0.015 0.005 -0.005 -0.0865506 0.990436 -0.107451
68 -0.140012 -0.809016 -2.34983 -0.005 0.005 0.01 -0.0993375 0.993833 -0.0492809
69 -0.139949 -0.80878 -2.34948 -0.005 -0.02 -0.02 -0.140129 0.984548 -0.105017
70 -0.139807 -0.808566 -2.34912 -0.02 1.11759e-10 0.01 -0.120558 0.990881 -0.0601697
71 -0.139673 -0.808445 -2.34887 1.11759e-10 -0.015 -0.02 -0.114371 0.992185 -0.0498858
72 -0.139515 -0.808214 -2.34858 -0.005 0.005 0.015 -0.0939333 0.991808 -0.0865604
73 -0.139357 -0.808012 -2.34838 -0.005 -0.02 -0.02 -0.109292 0.993219 -0.0396323
74 -0.139265 -0.807852 -2.34805 0.01 0.005 -0.01 -0.089474 0.993966 -0.063445
75 -0.138984 -0.807686 -2.34779 -0.01 1.11759e-10 -0.02 -0.122619 0.989665 -0.0743515
76 -0.138809 -0.807505 -2.34758 -0.02 -0.02 -0.005 -0.0924331 0.995332 -0.0277425
77 -0.138621 -0.807228 -2.34716 1.11759e-10 -0.015 -0.01 -0.131081 0.988573 -0.0744415
78 -0.138444 -0.807022 -2.3469 0.015 -0.01 0.015 -0.105637 0.994244 0.0179082
79 -0.13822 -0.806751 -2.34648 -0.01 -0.01 1.11759e-10 -0.108415 0.993838 -0.0230655
80 -0.137931 -0.806422 -2.34598 1.11759e-10 -0.005 -0.005 -0.188651 0.980906 -0.0472727
81 -0.137632 -0.806165 -2.34557 -0.01 -0.02 -0.005 -0.102105 0.993795 -0.0441257
82 -0.137301 -0.805931 -2.34526 -0.01 0.015 0.01 -0.0733035 0.994921 -0.0689909
83 -0.137006 -0.805696 -2.34488 -0.01 -0.005 0.02 -0.126263 0.990305 -0.0579079
84 -0.136677 -0.805455 -2.34438 0.015 -0.01 0.02 -0.0868399 0.995726 -0.0314313
85 -0.136223 -0.80516 -2.34404 0.02 0.02 0.015 -0.102068 0.994151 -0.0353034
86 -0.135884 -0.804751 -2.3435 -0.02 -0.015 0.01 -0.150481 0.984548 -0.0895634
87 -0.135443 -0.804396 -2.34297 -0.005 -0.005 -0.01 -0.156191 0.986369 0.0517698
88 -0.135165 -0.803979 -2.34243 -0.02 0.02 1.11759e-10 -0.102525 0.99236 0.0686258
89 -0.134722 -0.803379 -2.34156 0.005 1.11759e-10 0.015 -0.137431 0.989862 -0.0358551
90 -0.135352 -0.805096 -2.34304 0.01 0.01 0.005 -0.115292 0.992577 -0.0387025
91 -0.134345 -0.803545 -2.34106 1.11759e-10 0.01 -0.005 -0.195121 0.977682 0.0778819
92 -0.134172 -0.803354 -2.34083 1.11759e-10 -0.02 0.005 -0.078827 0.994757 0.0651492
93 -0.133915 -0.803255 -2.34054 0.01 -0.005 -0.02 -0.117816 0.991808 0.0493564
94 -0.133626 -0.803167 -2.34029 0.02 1.11759e-10 -0.015 -0.155611 0.983121 0.0962217
95 -0.133501 -0.803227 -2.34027 -0.02 1.11759e-10 -0.005 -0.191545 0.971963 0.136373
96 -0.133318 -0.803204 -2.34031 0.02 0.015 0.01 -0.0984133 0.993419 0.058602
97 -0.132718 -0.803515 -2.33992 0.01 0.02 0.015 -0.193197 0.979638 0.0546219
98 -0.132789 -0.803151 -2.34012 0.005 0.015 0.005 -0.154544 0.987743 0.0219085
99 -0.135198 -0.801362 -2.34216 -0.01 1.11759e-10 -0.015 -0.181098 0.976977 0.112779
100 -0.134254 -0.801794 -2.34142 0.015 0.015 -0.005 -0.0773043 0.996256 0.0387048
101 -0.134086 -0.801734 -2.34131 1.11759e-10 -0.02 0.005 -0.150605 0.987338 -0.0498165
102 -0.133855 -0.801776 -2.34112 -0.015 -0.015 -0.005 -0.197454 0.98 -0.0247447
103 -0.133717 -0.801746 -2.34124 0.015 -0.02 -0.015 -0.138449 0.990305 0.0113111
104 -0.133593 -0.801768 -2.34126 0.015 0.01 0.015 -0.141872 0.989327 -0.0332235
105 -0.133452 -0.801855 -2.34122 0.02 -0.01 0.02 -0.141379 0.988683 -0.0501685
106 -0.133383 -0.801875 -2.34131 -0.005 -0.02 -0.015 -0.121251 0.98859 0.0893779
107 -0.133303 -0.801894 -2.34138 0.015 1.11759e-10 -0.005 -0.109902 0.99044 0.0833689
108 -0.133177 -0.801941 -2.34134 -0.02 -0.015 0.02 -0.161234 0.982049 0.0978985
109 -0.133065 -0.801987 -2.34133 0.005 0.005 -0.01 -0.0931836 0.994793 0.0412708
110 -0.133007 -0.802061 -2.3414 0.01 -0.015 -0.02 -0.0884556 0.995609 0.0306445
111 -0.132863 -0.802058 -2.34137 -0.02 0.02 0.01 -0.118988 0.991984 -0.0425475
112 -0.132771 -0.802085 -2.34141 1.11759e-10 -0.01 0.005 -0.0550295 0.997675 0.0402116
113 -0.132783 -0.802042 -2.34141 0.015 0.005 0.005 -0.117468 0.99021 0.075396
114 -0.132697 -0.802085 -2.34137 0.02 0.02 -0.015 -0.195583 0.977838 0.0746963
115 -0.132667 -0.80211 -2.34129 -0.01 1.11759e-10 1.11759e-10 -0.150279 0.988552 0.0134835
116 -0.132608 -0.802108 -2.34127 -0.01 -0.02 -0.01 -0.173227 0.982075 0.0743006
117 -0.132626 -0.802184 -2.34136 1.11759e-10 -0.015 -0.01 -0.0949577 0.992253 0.0801005
118 -0.132587 -0.802181 -2.34131 -0.005 0.02 -0.005 -0.0577057 0.997744 0.0342966
119 -0.132577 -0.802297 -2.34142 -0.005 0.01 -0.005 -0.140081 0.988817 0.0511671
120 -0.132537 -0.802318 -2.34145 0.005 -0.005 1.11759e-10 -0.0443328 0.995231 0.0868857
121 -0.132346 -0.802429 -2.34151 -0.015 0.005 -0.005 -0.114564 0.992872 0.032878
122 -0.13191 -0.802542 -2.34155 -0.005 -0.015 1.11759e-10 -0.074942 0.99512 0.0641817
123 -0.131676 -0.802571 -2.34159 0.02 -0.02 1.11759e-10 -0.0935363 0.994949 -0.0364239
124 -0.131435 -0.802752 -2.3415 0.02 -0.005 1.11759e-10 -0.131362 0.990944 -0.0278225
125 -0.131121 -0.802847 -2.34151 1.11759e-10 0.005 0.02 -0.0514107 0.998238 -0.0296141
126 -0.130951 -0.80306 -2.34155 -0.02 0.01 0.02 -0.0683191 0.996618 0.0456618
127 -0.130897 -0.803206 -2.34156 -0.015 -0.02 0.015 -0.101378 0.994151 0.0372369
128 -0.130901 -0.803328 -2.34161 -0.02 0.01 0.005 -0.0550437 0.998081 -0.0283499
129 -0.131866 -0.805388 -2.34381 0.01 0.02 0.01 -0.119771 0.992726 -0.0122525
130 -0.131805 -0.805193 -2.34368 -0.01 -0.01 -0.015 -0.0524865 0.998155 -0.0305378
131 -0.131841 -0.805167 -2.34357 -0.01 0.01 -0.005 -0.0230984 0.998895 -0.0409176
132 -0.131888 -0.805301 -2.34361 1.11759e-10 -0.015 1.11759e-10 -0.0943561 0.994631 0.0424881
133 -0.132059 -0.805381 -2.34372 -0.02 0.02 1.11759e-10 -0.0612868 0.998013 -0.0146331
134 -0.132287 -0.80546 -2.34374 0.005 -0.02 0.02 -0.0733143 0.995953 -0.0519855
135 -0.132489 -0.805523 -2.34381 0.02 0.01 0.015 -0.100959 0.994459 -0.0292926
136 -0.132666 -0.805611 -2.34395 0.02 0.02 0.005 -0.046911 0.998249 -0.0360441
137 -0.13293 -0.805688 -2.34413 0.01 0.015 0.015 -0.0329585 0.99942 0.00862002
138 -0.133131 -0.805753 -2.34424 1.11759e-10 1.11759e-10 0.015 -0.0792762 0.996635 -0.0208458
139 -0.133259 -0.805775 -2.3441 -0.005 -0.02 0.015 -0.0358386 0.998789 -0.0337127
140 -0.133328 -0.805845 -2.34426 0.02 0.015 -0.02 -0.0796202 0.99587 -0.0436369
141 -0.133384 -0.805888 -2.34428 0.02 0.005 0.02 -0.0616428 0.997444 -0.0361328
142 -0.133431 -0.805954 -2.34446 -0.01 -0.015 0.01 -0.0700647 0.996753 -0.0396854
143 -0.133471 -0.806076 -2.34465 0.005 0.015 1.11759e-10 -0.0482357 0.997902 -0.0431834
144 -0.133506 -0.806218 -2.34483 -0.02 -0.02 -0.01 -0.0529296 0.996896 -0.0582881
145 -0.133549 -0.806349 -2.34497 -0.015 -0.01 0.015 -0.0292773 0.998691 -0.0419413
146 -0.133651 -0.806528 -2.34511 1.11759e-10 1.11759e-10 0.005 -0.051772 0.996988 -0.0577514
147 -0.133813 -0.806664 -2.3456 -0.015 -0.02 0.005 -0.0274969 0.997328 -0.0676866
148 -0.134025 -0.806802 -2.34585 0.01 0.005 0.02 -0.0388907 0.997926 -0.0513021
149 -0.134129 -0.806923 -2.34605 1.11759e-10 1.11759e-10 -0.015 -0.0554627 0.994317 -0.0908731
150 -0.134314 -0.807197 -2.34643 -0.02 -0.015 0.015 -0.035622 0.996687 -0.07312
151 -0.134439 -0.807513 -2.34688 -0.005 -0.015 0.01 -0.0440552 0.994376 -0.0963104
152 -0.134562 -0.807792 -2.3473 -0.005 -0.01 -0.015 -0.0528939 0.992905 -0.106498
153 -0.134716 -0.808124 -2.34784 -0.005 -0.01 0.02 -0.0381171 0.996478 -0.0746873
154 -0.134837 -0.808371 -2.34821 0.015 0.02 -0.02 -0.0386938 0.991415 -0.124897
155 -0.134971 -0.808791 -2.34889 0.01 0.015 -0.01 -0.0439326 0.99434 -0.0967369
156 -0.134961 -0.808966 -2.34911 -0.005 0.015 0.005 -0.0705894 0.991317 -0.110938
157 -0.135218 -0.809577 -2.34992 -0.005 -0.02 -0.02 -0.0149976 0.989576 -0.143226
158 -0.135333 -0.810012 -2.35033 0.015 -0.015 0.02 -0.0826766 0.982504 -0.166886
159 -0.136047 -0.81192 -2.35235 0.02 -0.005 -0.01 -0.0481996 0.986037 -0.1594
160 -0.13534 -0.810734 -2.35142 1.11759e-10 1.11759e-10 -0.02 -0.0372441 0.979783 -0.196567
161 -0.135471 -0.81157 -2.35239 1.11759e-10 -0.02 -0.005 -0.0299877 0.988121 -0.150726
162 -0.135358 -0.812106 -2.3528 -0.005 -0.02 1.11759e-10 -0.0459331 0.982197 -0.182151
163 -0.135461 -0.812743 -2.35354 0.01 0.015 -0.005 -0.0143755 0.972788 -0.231251
164 -0.135561 -0.813127 -2.35401 0.02 0.02 1.11759e-10 -0.0724033 0.969558 -0.233911
165 -0.136125 -0.815697 -2.35662 -0.01 -0.005 -0.015 0.0410444 0.971564 -0.233193
166 -0.135253 -0.814593 -2.35535 0.02 0.02 0.005 -0.0161808 0.967834 -0.25107
167 -0.135353 -0.815582 -2.35638 0.02 -0.02 -0.005 -0.00876257 0.931518 -0.363589
168 -0.135312 -0.81634 -2.35697 0.02 0.005 0.015 -0.0639807 0.952901 -0.296457
169 -0.13527 -0.817049 -2.35753 0.01 0.01 -0.02 0.0689643 0.955546 -0.286663
170 -0.136041 -0.819683 -2.36008 -0.005 0.02 0.02 0.0296253 0.943694 -0.329491
171 -0.135871 -0.82032 -2.36039 -0.015 -0.005 -0.005 -0.0327843 0.958035 -0.284769
172 -0.135044 -0.819457 -2.35921 0.005 0.005 0.02 0.0345219 0.95586 -0.291787
173 -0.137036 -0.822062 -2.36393 0.015 0.005 -0.015 0.0556725 0.941021 -0.333737
174 -0.135028 -0.821964 -2.36207 0.02 1.11759e-10 -0.02 0.0461039 0.952941 -0.299629
175 -0.135301 -0.82131 -2.36074 0.01 -0.01 0.01 0.0837551 0.891385 -0.445442
176 -0.13494 -0.823194 -2.36247 0.02 -0.02 0.01 0.0893033 0.904858 -0.416241
177 -0.137197 -0.824686 -2.36536 1.11759e-10 -0.02 0.005 0.0362993 0.920576 -0.388873
178 -0.137067 -0.824531 -2.36454 0.005 -0.005 -0.015 0.104631 0.912911 -0.394519
179 -0.137295 -0.825679 -2.36577 0.005 -0.005 -0.005 0.0173773 0.879122 -0.476281
180 -0.137313 -0.826138 -2.36597 0.01 1.11759e-10 -0.005 -0.00258647 0.893528 -0.448999
181 -0.137828 -0.829821 -2.37102 -0.02 -0.01 0.02 0.0532829 0.899672 -0.433302
182 -0.137867 -0.8267 -2.36649 0.015 -0.02 -0.015 0.0555076 0.904688 -0.422443
183 -0.137985 -0.827695 -2.36759 1.11759e-10 -0.015 0.01 0.050821 0.891711 -0.449743
184 -0.138122 -0.828052 -2.36786 0.01 -0.02 0.005 0.10498 0.881088 -0.461154
185 -0.138305 -0.828248 -2.36787 -0.01 0.015 0.02 0.0657378 0.900254 -0.430373
186 -0.139039 -0.829286 -2.36613 -0.01 1.11759e-10 -0.005 0.0126112 0.903668 -0.428047
187 -0.137533 -0.832247 -2.37091 -0.015 -0.005 0.005 0.0291757 0.912961 -0.407002
188 -0.138182 -0.82984 -2.36831 -0.015 -0.015 0.005 0.073975 0.886252 -0.457258
189 -0.138382 -0.830635 -2.3689 -0.005 0.01 0.02 0.0458123 0.849988 -0.524806
190 -0.138762 -0.831277 -2.36958 0.015 0.01 0.02 0.0424771 0.881348 -0.470554
191 -0.138554 -0.834451 -2.37249 0.005 -0.005 -0.01 0.0780669 0.89334 -0.442549
192 -0.138394 -0.834732 -2.3728 -0.02 -0.01 0.02 0.0573914 0.889738 -0.45285
193 -0.138438 -0.833863 -2.37198 -0.015 -0.02 0.01 -0.041555 0.855934 -0.515413
194 -0.138296 -0.833729 -2.37188 0.005 0.015 -0.02 -0.0219021 0.840357 -0.541591
195 -0.138226 -0.833546 -2.37178 -0.005 -0.015 0.01 0.131843 0.853466 -0.504196
196 -0.138287 -0.833401 -2.37175 0.015 -0.01 -0.02 -0.0446922 0.863749 -0.501936
197 -0.138341 -0.833301 -2.37173 0.005 0.015 -0.02 0.0743921 0.860674 -0.503693
198 -0.138314 -0.833307 -2.37171 1.11759e-10 0.01 0.005 0.0748329 0.831076 -0.551102
199 -0.138359 -0.833242 -2.37177 0.01 -0.02 -0.005 0.0390843 0.879595 -0.474114
200 -0.138277 -0.833377 -2.3718 0.015 0.02 0.01 0.108268 0.85799 -0.502127
201 -0.138244 -0.833166 -2.37177 -0.005 0.015 0.02 -0.0690691 0.914304 -0.399096
202 -0.138164 -0.83304 -2.37158 -0.015 -0.005 -0.005 0.062084 0.889245 -0.453198
203 -0.138076 -0.832915 -2.37148 0.015 1.11759e-10 0.015 0.0807211 0.860525 -0.502972
204 -0.138052 -0.832746 -2.37139 0.01 -0.01 1.11759e-10 0.0621893 0.899211 -0.433072
205 -0.138036 -0.832621 -2.37127 0.01 0.02 0.02 0.0422945 0.899923 -0.433992
206 -0.137987 -0.832528 -2.37125 -0.01 0.015 0.02 0.0396356 0.888677 -0.456817
207 -0.137999 -0.83238 -2.37112 0.015 1.11759e-10 0.01 -0.0820066 0.884919 -0.458469
208 -0.13798 -0.832279 -2.37092 -0.01 -0.01 0.02 -0.0214712 0.879149 -0.476063
209 -0.137914 -0.832148 -2.37085 -0.02 0.01 0.015 0.049233 0.863439 -0.502045
210 -0.137911 -0.832031 -2.37076 -0.015 -0.005 0.02 -0.0422059 0.863514 -0.502555
211 -0.137969 -0.831947 -2.37066 -0.015 -0.015 0.02 0.0773478 0.880943 -0.466858
212 -0.137978 -0.831891 -2.37054 -0.02 0.02 0.02 -0.0314537 0.865489 -0.499939
213 -0.137913 -0.831848 -2.37052 -0.015 -0.005 -0.01 0.0574125 0.880611 -0.470349
214 -0.137988 -0.831747 -2.37036 0.015 -0.005 -0.02 0.0244275 0.873551 -0.486119
215 -0.138028 -0.831735 -2.37029 0.01 0.01 -0.01 0.134097 0.894704 -0.426054
216 -0.13797 -0.831641 -2.37018 0.02 0.015 0.02 -0.0602528 0.900512 -0.430637
217 -0.138052 -0.831628 -2.37016 0.015 -0.005 0.02 0.0431287 0.852296 -0.521279
218 -0.138083 -0.831593 -2.37012 1.11759e-10 -0.015 0.015 0.0569827 0.899868 -0.432425
219 -0.138095 -0.831577 -2.37007 0.01 0.015 -0.015 0.092201 0.88137 -0.463342
220 -0.138168 -0.831517 -2.37002 -0.02 1.11759e-10 1.11759e-10 -0.0800409 0.879217 -0.46965
221 -0.138164 -0.831479 -2.37007 0.005 -0.005 0.005 0.0926787 0.850173 -0.518283
222 -0.138173 -0.831468 -2.36986 -0.02 0.005 0.005 0.0514841 0.857757 -0.51147
223 -0.138151 -0.831417 -2.36996 -0.015 0.02 -0.005 0.09482 0.883418 -0.458892
224 -0.138156 -0.831343 -2.36994 0.015 1.11759e-10 0.015 0.0516231 0.815962 -0.575795
225 -0.138024 -0.83131 -2.36988 0.02 -0.02 0.005 0.0892058 0.87117 -0.48281
226 -0.138051 -0.831269 -2.36989 0.005 0.005 0.005 0.0213039 0.861392 -0.507493
227 -0.138048 -0.831207 -2.3698 1.11759e-10 -0.02 -0.01 -0.078927 0.868595 -0.489196
228 -0.137998 -0.83114 -2.36974 0.01 -0.005 -0.005 -0.020878 0.861629 -0.507109
229 -0.138025 -0.831074 -2.3698 -0.015 0.01 -0.015 0.051022 0.863692 -0.501431
230 -0.138023 -0.831028 -2.36967 0.015 -0.02 1.11759e-10 -0.0412057 0.885165 -0.463449
231 -0.138027 -0.830972 -2.3697 -0.02 0.015 1.11759e-10 -0.034044 0.838771 -0.543419
232 -0.138049 -0.83093 -2.36961 0.01 0.005 -0.02 0.042221 0.894742 -0.444584
233 -0.138061 -0.830918 -2.36961 1.11759e-10 -0.015 1.11759e-10 -0.0195424 0.873459 -0.486506
234 -0.138036 -0.830887 -2.36951 -0.01 0.02 0.01 0.113538 0.874431 -0.471677
235 -0.138041 -0.830851 -2.36951 0.01 -0.005 -0.005 0.0609178 0.869513 -0.490139
236 -0.13805 -0.830831 -2.36948 0.015 0.015 0.02 0.0371426 0.899865 -0.434584
237 -0.138075 -0.830821 -2.36949 0.015 -0.01 -0.005 -0.041798 0.861562 -0.505928
238 -0.138026 -0.830833 -2.36946 -0.005 1.11759e-10 0.02 0.0893977 0.892662 -0.441772
239 -0.138106 -0.83079 -2.36946 -0.005 0.01 0.02 0.0301206 0.882592 -0.469174
240 -0.138108 -0.830856 -2.36936 0.005 0.01 0.02 0.0344028 0.85547 -0.516708
241 -0.138155 -0.830911 -2.36946 -0.01 -0.015 0.015 0.0548889 0.921135 -0.385354
242 -0.138148 -0.830945 -2.36938 1.11759e-10 0.005 1.11759e-10 0.0227624 0.870114 -0.492325
243 -0.138198 -0.830936 -2.36929 -0.01 -0.015 1.11759e-10 -0.0638512 0.884692 -0.461783
244 -0.138234 -0.831001 -2.36937 0.015 0.02 1.11759e-10 0.0400779 0.882908 -0.467832
245 -0.138249 -0.830949 -2.36935 0.02 -0.02 0.005 0.0412791 0.882914 -0.467717
246 -0.138299 -0.830974 -2.36931 -0.005 0.02 0.02 -0.0499577 0.898619 -0.435877
247 -0.138254 -0.830952 -2.36931 0.005 0.01 1.11759e-10 0.0337192 0.863891 -0.50255
248 -0.138321 -0.830948 -2.36925 1.11759e-10 -0.01 1.11759e-10 -0.0621184 0.86134 -0.504217
249 -0.138289 -0.830902 -2.36932 -0.005 -0.02 0.01 -0.095265 0.916309 -0.388976
250 -0.138273 -0.830883 -2.36926 -0.005 -0.01 0.01 0.050902 0.89252 -0.448126
251 -0.138258 -0.83087 -2.36921 0.005 0.02 1.11759e-10 -0.0037703 0.884405 -0.466706
252 -0.138167 -0.830792 -2.36924 0.01 -0.005 1.11759e-10 -0.0073664 0.891597 -0.45277
253 -0.13814 -0.83073 -2.36921 0.005 0.015 0.02 -0.060154 0.878926 -0.47315
254 -0.138043 -0.830684 -2.36922 -0.02 0.005 1.11759e-10 -0.0460285 0.873506 -0.484632
255 -0.138055 -0.830616 -2.3691 0.005 -0.005 -0.01 0.0669386 0.895223 -0.440561
256 -0.138027 -0.830549 -2.36917 -0.02 1.11759e-10 -0.015 -0.0135954 0.897954 -0.439879
257 -0.137957 -0.830483 -2.36909 -0.01 -0.015 1.11759e-10 0.0848695 0.88275 -0.462115
258 -0.137984 -0.830435 -2.36909 0.015 0.005 0.02 -0.0595637 0.891234 -0.449616
259 -0.137944 -0.830383 -2.369 -0.015 -0.005 0.01 0.0671252 0.866147 -0.495261
260 -0.137978 -0.83035 -2.369 1.11759e-10 -0.02 0.02 -0.0503553 0.825391 -0.562311
261 -0.13795 -0.830323 -2.36898 -0.015 0.015 0.01 -0.0106607 0.899861 -0.436046
262 -0.137903 -0.830277 -2.369 1.11759e-10 0.015 1.11759e-10 0.0382399 0.840926 -0.539797
263 -0.137931 -0.830259 -2.36895 -0.02 -0.005 0.015 0.068618 0.891043 -0.448703
264 -0.137907 -0.830253 -2.36899 -0.02 -0.015 -0.005 0.0436443 0.902249 -0.429
265 -0.137984 -0.830233 -2.36894 1.11759e-10 0.01 0.01 0.0367531 0.875761 -0.481344
266 -0.137997 -0.830222 -2.36892 1.11759e-10 1.11759e-10 -0.005 0.0879299 0.909257 -0.406842
267 -0.138036 -0.830191 -2.3689 -0.015 0.01 1.11759e-10 -0.0443042 0.899324 -0.435032
268 -0.138094 -0.830196 -2.36887 -0.015 -0.005 -0.02 0.022038 0.850659 -0.525256
269 -0.138148 -0.830216 -2.36886 0.02 -0.02 1.11759e-10 -0.0411269 0.858467 -0.511217
270 -0.138149 -0.830223 -2.36889 0.015 -0.005 -0.005 0.0247424 0.889471 -0.456321
271 -0.138274 -0.830234 -2.36888 -0.02 0.02 -0.005 -0.0388237 0.851182 -0.523433
272 -0.138244 -0.830218 -2.36881 -0.005 0.02 0.005 0.0752841 0.87184 -0.483969
273 -0.138254 -0.830183 -2.36885 -0.02 -0.015 0.02 0.0529199 0.894745 -0.443431
274 -0.138184 -0.83014 -2.36882 0.01 0.005 -0.01 0.0730409 0.879782 -0.469732
275 -0.138251 -0.830114 -2.36874 -0.005 -0.015 0.02 0.0812239 0.869291 -0.487582
276 -0.138205 -0.830058 -2.36874 -0.02 0.01 0.005 0.0184671 0.921437 -0.388089
277 -0.138132 -0.830008 -2.36875 -0.02 0.005 0.02 0.0457969 0.853516 -0.51905
278 -0.138169 -0.830017 -2.36868 -0.01 0.015 0.005 0.0525957 0.84759 -0.528039
279 -0.138181 -0.830014 -2.36865 -0.015 -0.015 0.02 0.0472198 0.910644 -0.410484
280 -0.138089 -0.830031 -2.36861 0.02 0.02 0.02 0.0373374 0.889598 -0.455216
281 -0.138107 -0.830001 -2.36861 0.015 -0.015 0.02 0.0596503 0.863797 -0.500297
282 -0.138119 -0.830013 -2.36866 0.02 -0.005 0.01 0.0540852 0.871873 -0.486737
283 -0.138146 -0.829998 -2.36868 0.01 -0.015 -0.01 0.0331616 0.870848 -0.490433
284 -0.138148 -0.830019 -2.36872 0.015 0.005 0.02 0.0472805 0.884606 -0.463935
285 -0.138153 -0.830071 -2.36871 0.005 -0.02 1.11759e-10 -0.0496032 0.888114 -0.456938
286 -0.13815 -0.830086 -2.36869 0.015 1.11759e-10 -0.005 0.0329693 0.886001 -0.462511
287 -0.138124 -0.83007 -2.36879 1.11759e-10 -0.015 -0.005 0.0255793 0.880431 -0.473484
288 -0.138171 -0.830058 -2.36868 1.11759e-10 -0.02 0.015 0.0352381 0.889607 -0.455365
289 -0.138174 -0.830062 -2.3687 0.01 -0.015 1.11759e-10 -0.0205639 0.841649 -0.539633
290 -0.1381 -0.830082 -2.36871 0.005 -0.02 1.11759e-10 -0.0486183 0.883839 -0.465258
291 -0.13813 -0.830058 -2.36868 0.02 -0.015 0.015 0.0612749 0.873623 -0.482729
292 -0.138134 -0.830047 -2.36867 -0.02 0.005 1.11759e-10 -0.0463281 0.855453 -0.515803
293 -0.138131 -0.83001 -2.36864 0.02 0.02 0.015 -0.0228801 0.885393 -0.46428
294 -0.138122 -0.830008 -2.3687 -0.015 0.01 -0.015 0.0540693 0.921193 -0.385332
295 -0.138105 -0.829971 -2.36874 -0.005 -0.005 -0.01 0.0394456 0.859159 -0.510186
296 -0.138166 -0.829976 -2.36868 -0.02 -0.015 0.01 0.0636548 0.845769 -0.529739
297 -0.138137 -0.829959 -2.36867 -0.02 -0.015 0.01 0.0510739 0.887824 -0.45734
298 -0.138104 -0.82993 -2.3687 0.02 0.01 1.11759e-10 -0.0457425 0.869048 -0.492608
299 -0.138132 -0.829857 -2.36872 -0.005 -0.02 0.02 -0.0290438 0.878001 -0.477777
300 -0.138127 -0.829819 -2.36859 -0.015 -0.01 0.02 0.095732 0.79782 -0.595247
301 -0.13812 -0.829776 -2.36853 -0.005 -0.02 1.11759e-10 0.0793464 0.862734 -0.499394
302 -0.138086 -0.829719 -2.36856 -0.02 1.11759e-10 0.005 0.0425324 0.880647 -0.47186
303 -0.138117 -0.829669 -2.36851 0.005 -0.02 0.01 -0.0714535 0.883791 -0.462394
304 -0.138074 -0.829683 -2.36845 0.015 -0.015 0.02 0.0477811 0.87729 -0.477577
305 -0.138102 -0.829717 -2.36848 -0.02 -0.01 0.015 -0.0575583 0.845569 -0.530754
306 -0.138069 -0.829801 -2.3686 0.02 -0.005 -0.02 -0.0405587 0.900661 -0.432626
307 -0.13803 -0.829914 -2.36863 1.11759e-10 -0.02 1.11759e-10 0.018621 0.902598 -0.430083
308 -0.138025 -0.830004 -2.3687 -0.01 1.11759e-10 0.005 0.0545745 0.884685 -0.462984
309 -0.138013 -0.830034 -2.36868 1.11759e-10 -0.015 -0.01 -0.0352876 0.844329 -0.534662
310 -0.137997 -0.830079 -2.36874 1.11759e-10 0.005 0.02 -0.0383996 0.84925 -0.526593
311 -0.137972 -0.830123 -2.36863 -0.01 0.01 0.015 0.0511109 0.877014 -0.477738
312 -0.137998 -0.830069 -2.36879 1.11759e-10 1.11759e-10 -0.02 0.0767628 0.88534 -0.458564
313 -0.137987 -0.830106 -2.36875 0.01 -0.02 0.015 0.0671092 0.886648 -0.457551
314 -0.138024 -0.830131 -2.36869 1.11759e-10 0.01 0.01 0.0622236 0.903399 -0.424261
315 -0.138023 -0.830085 -2.36876 0.01 -0.005 0.005 -0.0401104 0.84038 -0.540512
316 -0.137978 -0.83009 -2.36874 0.01 0.02 -0.005 0.0489444 0.873398 -0.484542
317 -0.137995 -0.830053 -2.36875 0.005 0.01 -0.005 0.0731722 0.853732 -0.515545
318 -0.137977 -0.830043 -2.36871 0.01 -0.015 0.01 0.0455724 0.865774 -0.498356
319 -0.138049 -0.830047 -2.36873 -0.015 1.11759e-10 0.02 0.0676015 0.895975 -0.438928
320 -0.137987 -0.830042 -2.36868 0.01 0.005 0.015 -0.0920649 0.894319 -0.437856
321 -0.138053 -0.830008 -2.36879 -0.015 0.005 -0.02 -0.0265305 0.867076 -0.497468
322 -0.13805 -0.83003 -2.36866 0.02 -0.01 -0.015 0.0175024 0.869856 -0.492995
323 -0.13804 -0.830021 -2.36865 -0.01 -0.01 -0.01 -0.0832663 0.887107 -0.453991
324 -0.138072 -0.830024 -2.3686 0.005 0.02 0.02 0.0507037 0.856296 -0.513991
325 -0.138111 -0.829999 -2.36867 -0.02 -0.02 -0.015 0.0113262 0.887203 -0.46124
326 -0.138135 -0.829956 -2.36869 1.11759e-10 0.01 0.005 -0.0257752 0.874727 -0.48393
327 -0.138158 -0.829951 -2.36867 -0.02 -0.02 -0.01 0.095814 0.879668 -0.465836
328 -0.138166 -0.829963 -2.36864 1.11759e-10 0.015 0.005 0.0696521 0.87958 -0.470624
329 -0.13819 -0.82993 -2.36864 -0.01 -0.01 0.005 0.0251523 0.896155 -0.443027
330 -0.138168 -0.829929 -2.36862 0.015 0.015 -0.01 0.0757306 0.874729 -0.478658
331 -0.138194 -0.829879 -2.36869 -0.005 -0.02 -0.02 0.0134933 0.923502 -0.383357
332 -0.13817 -0.829855 -2.36857 0.01 0.015 1.11759e-10 0.0124242 0.855342 -0.517915
333 -0.138177 -0.829799 -2.36854 0.02 0.02 0.015 -0.0124767 0.882966 -0.46927
334 -0.13817 -0.829772 -2.3685 0.01 -0.02 0.01 -0.0432186 0.860372 -0.507832
335 -0.138124 -0.829712 -2.36856 -0.015 1.11759e-10 0.015 0.0617169 0.878647 -0.473466
336 -0.138212 -0.829651 -2.36836 0.005 1.11759e-10 0.02 0.0217985 0.902175 -0.430819
337 -0.138196 -0.829601 -2.36841 1.11759e-10 0.005 -0.01 0.0829799 0.863171 -0.498046
338 -0.13816 -0.829608 -2.36839 -0.015 0.02 0.015 -0.0541541 0.878931 -0.473864
339 -0.138167 -0.829593 -2.36844 -0.005 -0.015 -0.015 0.0294216 0.882916 -0.468608
340 -0.138176 -0.829618 -2.36843 0.01 -0.01 0.015 0.0491289 0.873602 -0.484156
341 -0.13813 -0.82967 -2.36832 -0.02 1.11759e-10 0.015 -0.0344179 0.873879 -0.484923
342 -0.138163 -0.829618 -2.36842 0.02 -0.02 -0.02 0.0681053 0.8803 -0.469504
343 -0.138116 -0.829603 -2.36831 -0.005 0.01 0.02 -0.042324 0.879471 -0.474066
344 -0.138169 -0.829563 -2.36838 -0.005 0.005 0.02 0.0665849 0.894634 -0.44181
345 -0.138126 -0.829525 -2.36829 0.015 0.01 -0.02 -0.0733733 0.906865 -0.414984
346 -0.138146 -0.8295 -2.3683 -0.02 -0.01 -0.015 0.0641637 0.902456 -0.425977
347 -0.138125 -0.829475 -2.36833 0.005 0.005 0.005 0.0393252 0.847361 -0.529559
348 -0.138045 -0.829479 -2.36826 1.11759e-10 0.015 -0.015 0.0349263 0.91557 -0.400639
349 -0.138091 -0.82949 -2.36827 0.01 -0.02 -0.02 0.0321797 0.853725 -0.519729
350 -0.138083 -0.829525 -2.36818 0.015 0.015 0.01 0.0267581 0.868126 -0.495621
351 -0.138034 -0.829519 -2.36824 -0.015 0.01 0.02 0.077449 0.878666 -0.471113
352 -0.138063 -0.829505 -2.36827 -0.015 -0.005 0.005 0.0847247 0.894575 -0.438813
353 -0.138101 -0.829494 -2.36827 1.11759e-10 -0.01 -0.01 0.0762599 0.892281 -0.444994
354 -0.138095 -0.82948 -2.36827 -0.01 -0.005 -0.01 0.0316869 0.835147 -0.549113
355 -0.138145 -0.829455 -2.36823 0.015 -0.015 0.01 0.0631898 0.925314 -0.3739
356 -0.138129 -0.82942 -2.3682 0.015 0.015 1.11759e-10 -0.0553909 0.895952 -0.440684
357 -0.138109 -0.8294 -2.36813 -0.005 -0.005 0.02 0.0625893 0.879857 -0.471099
358 -0.138112 -0.829383 -2.36817 0.005 0.01 -0.005 0.0243369 0.83704 -0.5466
359 -0.138103 -0.829399 -2.36806 0.005 -0.01 -0.02 -0.0360251 0.914217 -0.40362
360 -0.138052 -0.829404 -2.36817 0.015 -0.02 0.01 0.0455106 0.904485 -0.42407
361 -0.138052 -0.829441 -2.36813 0.01 -0.02 0.02 -0.0324741 0.874227 -0.484429
362 -0.138053 -0.829434 -2.36813 0.005 -0.02 1.11759e-10 -0.0970649 0.877792 -0.469105
363 -0.138042 -0.82944 -2.3681 0.02 1.11759e-10 -0.02 -0.0392329 0.863393 -0.503004
364 -0.138106 -0.829436 -2.36809 0.015 -0.015 1.11759e-10 0.0609963 0.915706 -0.397192
365 -0.138128 -0.829425 -2.36808 -0.02 0.02 0.02 0.0307036 0.871117 -0.490115
366 -0.138137 -0.829384 -2.36812 1.11759e-10 -0.02 -0.02 0.0612288 0.867505 -0.493646
367 -0.138158 -0.829348 -2.36809 -0.005 -0.02 0.01 0.0663868 0.90125 -0.428184
368 -0.138193 -0.829307 -2.36801 0.01 0.01 0.01 0.0238957 0.88581 -0.463433
369 -0.13768 -0.83163 -2.37037 0.005 0.005 -0.02 0.0654595 0.904816 -0.42074
370 -0.137626 -0.831771 -2.37054 -0.01 0.015 1.11759e-10 -0.0723671 0.907929 -0.41283
371 -0.13775 -0.831225 -2.36997 -0.015 -0.015 -0.02 -0.0550356 0.895996 -0.440638
372 -0.137817 -0.83119 -2.36996 -0.01 0.005 -0.02 0.0570891 0.873898 -0.482745
373 -0.137765 -0.831112 -2.36995 0.01 -0.01 0.02 0.0694007 0.902924 -0.424161
374 -0.137721 -0.830977 -2.3698 0.01 1.11759e-10 0.005 -0.0271736 0.890308 -0.454547
375 -0.137718 -0.830888 -2.36966 0.01 -0.005 0.015 0.0163048 0.892946 -0.449868
376 -0.137713 -0.830777 -2.36961 -0.01 0.01 0.02 0.0655627 0.916132 -0.395479
377 -0.137684 -0.830674 -2.3695 0.01 0.015 -0.015 -0.0556782 0.895786 -0.440984
378 -0.137681 -0.830612 -2.36943 0.015 0.015 -0.005 -0.0827721 0.898494 -0.431111
379 -0.137618 -0.830561 -2.36942 -0.02 -0.02 0.02 -0.0240052 0.873238 -0.486702
380 -0.137556 -0.830495 -2.36939 0.015 -0.005 0.01 0.0821296 0.923774 -0.374027
381 -0.137657 -0.830507 -2.36923 0.005 -0.01 -0.01 0.0396288 0.858232 -0.511729
382 -0.137618 -0.830457 -2.36926 -0.015 0.005 -0.01 0.0536435 0.849864 -0.524265
383 -0.137607 -0.830483 -2.36916 -0.005 0.005 -0.02 0.0256572 0.885374 -0.464172
384 -0.137399 -0.831364 -2.37008 -0.01 -0.005 0.015 0.0358298 0.894836 -0.444955
385 -0.137328 -0.831582 -2.37021 1.11759e-10 0.015 1.11759e-10 0.0447475 0.895453 -0.442902
386 -0.137548 -0.83045 -2.36914 0.005 0.015 -0.005 0.058337 0.884571 -0.462742
387 -0.137601 -0.830463 -2.36901 -0.02 0.01 -0.01 -0.042614 0.883356 -0.466761
388 -0.137407 -0.831685 -2.37029 -0.015 0.005 -0.01 0.0521833 0.888146 -0.456588
389 -0.137703 -0.830382 -2.36889 0.005 0.005 0.02 -0.0509994 0.896709 -0.439673
390 -0.137582 -0.831426 -2.36994 0.005 0.01 1.11759e-10 -0.0450294 0.900381 -0.432766
391 -0.137746 -0.830078 -2.36854 0.02 -0.02 -0.01 0.0296144 0.897447 -0.440127
392 -0.137454 -0.829608 -2.36817 0.005 1.11759e-10 0.015 0.0214561 0.909726 -0.414655
393 -0.137148 -0.82881 -2.36764 1.11759e-10 -0.005 -0.01 -0.0265696 0.904692 -0.425236
394 -0.136924 -0.829413 -2.36846 0.005 0.01 0.01 0.0857154 0.880399 -0.466423
395 -0.13726 -0.826442 -2.36615 -0.02 -0.02 0.01 0.0234718 0.910598 -0.412626
396 -0.137661 -0.824902 -2.36488 -0.015 0.015 -0.015 0.0500511 0.92899 -0.366705
